1.000000000 0.000000000 0.000000000 0.000000000 0.000000000 1.000000000 0.000000000 0.000000000 0.000000000 0.000000000 1.000000000 0.000000000
0.999998689 0.000735640 0.001450787 -0.006412735 -0.000729050 0.999989450 -0.004538155 -0.002590860 -0.001454110 0.004537092 0.999988675 0.964756429
0.999996781 -0.001379174 0.002140085 -0.002213895 0.001390624 0.999984682 -0.005357792 -0.000528194 -0.002132663 0.005360750 0.999983370 1.918921828
0.999993563 -0.002367601 0.002678904 -0.009180050 0.002371032 0.999996305 -0.001278225 -0.004255845 -0.002675868 0.001284568 0.999995589 2.858388662
0.999986410 -0.004738647 0.002144037 -0.007778115 0.004728085 0.999976814 0.004904381 -0.007785188 -0.002167227 -0.004894176 0.999985695 3.805586338
0.999964654 -0.008387268 0.000595506 -0.004730735 0.008384243 0.999952793 0.004913845 -0.005132094 -0.000636692 -0.004908679 0.999987781 4.742124081
0.999938846 -0.011058952 -0.000168217 -0.005516336 0.011059267 0.999936819 0.002007945 -0.001010610 0.000146001 -0.002009683 0.999997914 5.673446178
0.999930084 -0.011772864 -0.001145765 -0.008731438 0.011770918 0.999929249 -0.001689190 0.005793498 0.001165571 0.001675586 0.999997914 6.603081226
0.999936402 -0.011166246 -0.001563463 -0.015753413 0.011163239 0.999935806 -0.001919802 -0.001035435 0.001584799 0.001902226 0.999996901 7.527369499
0.999934494 -0.011098379 -0.002823725 -0.022666246 0.011098381 0.999938369 -0.000015547 -0.001086658 0.002823723 -0.000015793 0.999996006 8.441119194
0.999937773 -0.010709639 -0.003117918 -0.034063991 0.010718006 0.999938965 0.002679440 0.003646327 0.003089031 -0.002712691 0.999991536 9.381272316
0.999931633 -0.011003896 -0.003948749 -0.043279979 0.011020715 0.999930084 0.004263609 0.005318665 0.003901558 -0.004306836 0.999983072 10.303047180
0.999912381 -0.012327370 -0.004822079 -0.044702452 0.012352165 0.999910414 0.005146083 0.005873756 0.004758209 -0.005205194 0.999975085 11.214472771
0.999904215 -0.012565284 -0.005801347 -0.051536277 0.012596356 0.999906301 0.005351138 0.006635326 0.005733565 -0.005423701 0.999968886 12.128587723
0.999894738 -0.013023668 -0.006385142 -0.059817068 0.013046801 0.999908388 0.003594730 0.015267059 0.006337741 -0.003677658 0.999973178 13.030322075
0.999881506 -0.013504803 -0.007390634 -0.079205893 0.013517583 0.999907196 0.001681918 0.019091839 0.007367234 -0.001781622 0.999971330 13.937889099
0.999845207 -0.014856953 -0.009420365 -0.079042844 0.014859498 0.999889553 0.000200093 0.025794065 0.009416354 -0.000340043 0.999955654 14.844936371
0.999840438 -0.014214957 -0.010817913 -0.098309509 0.014211860 0.999898911 -0.000362958 0.022151073 0.010821980 0.000209158 0.999941349 15.750308990
0.999844790 -0.012887432 -0.012014766 -0.123462863 0.012875413 0.999916553 -0.001077129 0.021632142 0.012027645 0.000922267 0.999927163 16.651250839
0.999839485 -0.011295413 -0.013913515 -0.137386099 0.011280749 0.999935746 -0.001131925 0.020183168 0.013925408 0.000974789 0.999902546 17.545104980
0.999811769 -0.012233143 -0.015058713 -0.160019487 0.012233278 0.999925196 -0.000083119 0.017241552 0.015058602 -0.000101114 0.999886572 18.444490433
0.999789774 -0.011897565 -0.016698435 -0.173915654 0.011920311 0.999928176 0.001263322 0.016099349 0.016682202 -0.001462107 0.999859691 19.328416824
0.999762833 -0.011507477 -0.018489372 -0.190517932 0.011537507 0.999932289 0.001518351 0.021302029 0.018470647 -0.001731312 0.999827862 20.213321686
0.999719560 -0.012757818 -0.019952463 -0.212017298 0.012790306 0.999917150 0.001501519 0.021751482 0.019931650 -0.001756297 0.999799788 21.090160370
0.999680579 -0.012777565 -0.021806160 -0.233754322 0.012797952 0.999917805 0.000795550 0.023023557 0.021794202 -0.001074370 0.999761879 21.963218689
0.999665916 -0.012803118 -0.022451384 -0.256757706 0.012843037 0.999916196 0.001634745 0.018001925 0.022428574 -0.001922543 0.999746621 22.823841095
0.999642313 -0.012570771 -0.023604659 -0.278734773 0.012655078 0.999913990 0.003425593 0.023412053 0.023559568 -0.003723086 0.999715507 23.680391312
0.999602020 -0.013821474 -0.024592556 -0.298017502 0.013978276 0.999883056 0.006215617 0.025701666 0.024503771 -0.006556904 0.999678254 24.524301529
0.999600053 -0.013428445 -0.024888506 -0.328275353 0.013632752 0.999874592 0.008057477 0.025264382 0.024777183 -0.008393552 0.999657691 25.367025375
0.999585629 -0.012963532 -0.025702810 -0.354090154 0.013136222 0.999892235 0.006561348 0.032338183 0.025614977 -0.006896266 0.999648094 26.199558258
0.999588132 -0.011071339 -0.026476862 -0.382107198 0.011180894 0.999929428 0.003993333 0.034919791 0.026430784 -0.004287723 0.999641478 27.012134552
0.999578476 -0.010987520 -0.026872393 -0.410526067 0.011059114 0.999935687 0.002517099 0.035018388 0.026843006 -0.002813223 0.999635637 27.802959442
0.999567509 -0.009978974 -0.027664179 -0.440524876 0.010038512 0.999947667 0.002014122 0.039363574 0.027642630 -0.002290958 0.999615252 28.599529266
0.999526501 -0.010116060 -0.029060232 -0.465326935 0.010169477 0.999946833 0.001690922 0.037423264 0.029041583 -0.001985649 0.999576211 29.387254715
0.999457121 -0.010198731 -0.031327747 -0.489624649 0.010234834 0.999947131 0.000992287 0.034682106 0.031315971 -0.001312383 0.999508679 30.176797867
0.999388278 -0.010514816 -0.033352658 -0.518632770 0.010549917 0.999944031 0.000876646 0.035354219 0.033341568 -0.001227978 0.999443293 30.941843033
0.999344528 -0.009895068 -0.034820601 -0.556246400 0.009961868 0.999948859 0.001745432 0.041447185 0.034801554 -0.002091166 0.999392092 31.707138062
0.999246180 -0.010451655 -0.037387196 -0.574135125 0.010614011 0.999935031 0.004146711 0.041159295 0.037341427 -0.004540412 0.999292254 32.468009949
0.999174595 -0.009567644 -0.039476793 -0.605427802 0.009795228 0.999936461 0.005575595 0.044193391 0.039420936 -0.005957677 0.999204874 33.206203461
0.999133885 -0.008109847 -0.040812146 -0.651064098 0.008356662 0.999947786 0.005880588 0.044019975 0.040762316 -0.006216547 0.999149501 33.928234100
0.999060810 -0.005760277 -0.042945623 -0.687007844 0.005990275 0.999968410 0.005228804 0.041997731 0.042914156 -0.005481149 0.999063730 34.654369354
0.998987317 -0.004149791 -0.044799924 -0.719689906 0.004346987 0.999981284 0.004305186 0.049898066 0.044781223 -0.004495570 0.998986721 35.363647461
0.998913825 -0.003437987 -0.046470117 -0.755003333 0.003695057 0.999978423 0.005447155 0.054889765 0.046450388 -0.005612948 0.998904824 36.061920166
0.998875916 -0.002335886 -0.047343794 -0.797926724 0.002689611 0.999968946 0.007409073 0.054014508 0.047325015 -0.007528082 0.998851120 36.754474640
0.998857439 0.000382503 -0.047788985 -0.832743227 -0.000005625 0.999969006 0.007886173 0.058209784 0.047790520 -0.007876894 0.998826325 37.431423187
0.998917878 0.003786527 -0.046353839 -0.875699162 -0.003524393 0.999977350 0.005735501 0.061328348 0.046374507 -0.005565926 0.998908579 38.101013184
0.998989761 0.005328488 -0.044621147 -0.906953692 -0.005192876 0.999981523 0.003154540 0.055141307 0.044637125 -0.002919641 0.998999000 38.758041382
0.999062359 0.005707173 -0.042915910 -0.931507945 -0.005686328 0.999983609 0.000607780 0.067763172 0.042918671 -0.000363177 0.999078512 39.406558990
0.999199212 0.006655897 -0.039453831 -0.966917694 -0.006590899 0.999976754 0.001777280 0.067677841 0.039464742 -0.001515821 0.999219835 40.040718079
0.999272704 0.011455677 -0.036370937 -0.996382296 -0.011294438 0.999925494 0.004635573 0.067468569 0.036421325 -0.004221413 0.999327540 40.680503845
0.999340951 0.015598360 -0.032774933 -1.015917063 -0.015347240 0.999850988 0.007899602 0.069862887 0.032893267 -0.007391391 0.999431551 41.317657471
0.999381721 0.020434955 -0.028609920 -1.038708329 -0.020190623 0.999757349 0.008803129 0.074299514 0.028782863 -0.008220035 0.999551892 41.924697876
0.999440134 0.024119338 -0.023187485 -1.060135603 -0.023914764 0.999672890 0.009059754 0.080714829 0.023398422 -0.008500159 0.999690115 42.507904053
0.999460280 0.028168660 -0.016900251 -1.087226272 -0.027984792 0.999547541 0.011019235 0.089367464 0.017202999 -0.010540337 0.999796510 43.080829620
0.999400020 0.032921713 -0.010752452 -1.087209225 -0.032786924 0.999384582 0.012480296 0.083411299 0.011156704 -0.012120272 0.999864280 43.626335144
0.999333024 0.036307108 -0.003890350 -1.090582848 -0.036257904 0.999269843 0.012049573 0.088845767 0.004324994 -0.011900483 0.999919832 44.158096313
0.999206603 0.039654203 0.003699417 -1.097102046 -0.039696585 0.999137521 0.012189013 0.089465730 -0.003212880 -0.012326198 0.999918878 44.667285919
0.998985589 0.043748315 0.010666116 -1.087827206 -0.043870207 0.998971403 0.011474615 0.096333392 -0.010153150 -0.011930902 0.999877214 45.162300110
0.998691142 0.047659628 0.018559514 -1.087995052 -0.047829144 0.998816788 0.008799040 0.100448802 -0.018118197 -0.009675209 0.999789000 45.634662628
0.998389065 0.050114673 0.026605470 -1.078952312 -0.050292622 0.998715997 0.006061275 0.095693231 -0.026267558 -0.007389569 0.999627650 46.078979492
0.998128295 0.050457623 0.034555729 -1.063805342 -0.050682526 0.998698652 0.005662922 0.100025728 -0.034225028 -0.007403693 0.999386728 46.508861542
0.997861266 0.049621977 0.042552169 -1.040103078 -0.049964324 0.998726368 0.007019247 0.101525784 -0.042149659 -0.009130324 0.999069571 46.905933380
0.997393906 0.051698383 0.050325740 -1.016537428 -0.052147210 0.998610139 0.007645891 0.105901897 -0.049860518 -0.010250311 0.998703599 47.294681549
0.996737897 0.054704502 0.059337016 -1.006548405 -0.055281904 0.998437643 0.008132096 0.101188622 -0.058799453 -0.011385830 0.998204887 47.648693085
0.995931447 0.059656493 0.067540310 -0.974495411 -0.060288422 0.998153806 0.007355103 0.105856143 -0.066976845 -0.011397076 0.997689426 47.978813171
0.995016277 0.063429497 0.076937363 -0.960239768 -0.064206727 0.997907102 0.007668545 0.099763840 -0.076289929 -0.012570223 0.997006416 48.274951935
0.994282246 0.062732793 0.086414896 -0.930472493 -0.063695826 0.997933686 0.008429640 0.097810723 -0.085707530 -0.013885708 0.996223569 48.559364319
0.993395448 0.061508771 0.096862458 -0.889781713 -0.062422454 0.998029172 0.006428082 0.100203440 -0.096276172 -0.012432020 0.995276988 48.836860657
0.992269337 0.059954554 0.108660139 -0.856235981 -0.060536314 0.998163879 0.002060090 0.095369548 -0.108337112 -0.008622047 0.994076848 49.095191956
0.990662932 0.061012086 0.121919483 -0.814556897 -0.061208833 0.998122692 -0.002134352 0.097598761 -0.121820822 -0.005348125 0.992537677 49.360797882
0.988519073 0.062578805 0.137527794 -0.776911855 -0.062591851 0.998030186 -0.004234101 0.095381387 -0.137521848 -0.004422629 0.990488827 49.628604889
0.986035287 0.064392187 0.153584123 -0.725609601 -0.064299531 0.997915089 -0.005575634 0.091229506 -0.153622940 -0.004377617 0.988119841 49.869899750
0.983212769 0.064983010 0.170498580 -0.670608342 -0.064774081 0.997876823 -0.006793786 0.091851607 -0.170578063 -0.004364152 0.985334456 50.130790710
0.979950130 0.063955292 0.188699469 -0.612638295 -0.063544184 0.997945070 -0.008233944 0.094714664 -0.188838318 -0.003921899 0.982000291 50.390464783
0.976024866 0.063375726 0.208228365 -0.547571778 -0.063026182 0.997977197 -0.008319756 0.088368058 -0.208334446 -0.005003550 0.978044808 50.633644104
0.971558809 0.063337430 0.228170872 -0.470577389 -0.062838852 0.997978866 -0.009456871 0.084670767 -0.228308678 -0.005150090 0.973575175 50.867176056
0.966314554 0.065561116 0.248873487 -0.390711635 -0.064662039 0.997837484 -0.011795055 0.083163016 -0.249108583 -0.004694936 0.968464136 51.099418640
0.960021853 0.066910833 0.271810532 -0.309446424 -0.065611817 0.997748733 -0.013875246 0.079799257 -0.272127002 -0.004513441 0.962250769 51.344505310
0.952747345 0.068166420 0.296016634 -0.214200392 -0.066713646 0.997659147 -0.015018022 0.071758337 -0.296347439 -0.005439971 0.955064714 51.585700989
0.944291353 0.070768028 0.321412027 -0.114320658 -0.069330588 0.997466505 -0.015931129 0.066086911 -0.321725190 -0.007240061 0.946805418 51.817501068
0.934304059 0.073112130 0.348899186 -0.007110052 -0.071713068 0.997281432 -0.016943417 0.056627139 -0.349189401 -0.009190332 0.937007129 52.061458588
0.923126876 0.073701426 0.377365649 0.113803223 -0.072082609 0.997228384 -0.018432392 0.051033016 -0.377678216 -0.010186066 0.925880849 52.300846100
0.910557687 0.071687818 0.407118797 0.256201297 -0.069349453 0.997381389 -0.020518390 0.041376211 -0.407523662 -0.009550288 0.913144708 52.534538269
0.895536959 0.069281638 0.439560741 0.399008960 -0.065715857 0.997565269 -0.023345973 0.035903387 -0.440107942 -0.007978930 0.897909403 52.763668060
0.878184736 0.068572812 0.473380774 0.553644836 -0.063116111 0.997629285 -0.027425371 0.023921248 -0.474139124 -0.005793408 0.880430937 52.985599518
0.858755767 0.070278063 0.507542610 0.718543530 -0.062308382 0.997521162 -0.032699071 0.019764530 -0.508582532 -0.003543644 0.861005962 53.202709198
0.837020993 0.072065994 0.542404234 0.906327844 -0.061749004 0.997397125 -0.037229072 0.010131479 -0.543675423 -0.002331409 0.839292347 53.428199768
0.812334359 0.074884944 0.578364193 1.101860166 -0.062771201 0.997187555 -0.040948499 0.002658028 -0.579803944 -0.003040742 0.814750314 53.657138824
0.784848750 0.078973733 0.614634573 1.312867403 -0.065873295 0.996858835 -0.043969341 -0.009403988 -0.616176307 -0.005978723 0.787585557 53.889011383
0.754849970 0.083351366 0.650579751 1.538445354 -0.069608577 0.996471167 -0.046901543 -0.023915246 -0.652193367 -0.009882302 0.757988274 54.120876312
0.721872747 0.084248669 0.686878264 1.796455741 -0.069073156 0.996376932 -0.049617812 -0.041956566 -0.688569903 -0.011627102 0.725076735 54.351676941
0.685129523 0.081843853 0.723808706 2.080403328 -0.065657116 0.996561706 -0.050536584 -0.063026883 -0.725456178 -0.012899087 0.688147485 54.579162598
0.646117747 0.080000415 0.759033501 2.367463589 -0.062410012 0.996698976 -0.051924065 -0.085937664 -0.760681868 -0.013822222 0.648977697 54.778274536
0.603492260 0.079356238 0.793410301 2.700752258 -0.060432926 0.996725380 -0.053724501 -0.107478984 -0.795075536 -0.015525780 0.606311738 54.997650146
0.557524383 0.079277664 0.826366603 3.066478014 -0.056883216 0.996738255 -0.057244953 -0.125181139 -0.828209519 -0.015090932 0.560215473 55.205734253
0.508814216 0.077901475 0.857344389 3.435089827 -0.053756390 0.996828794 -0.058672361 -0.152764738 -0.859196305 -0.016234405 0.511388481 55.397575378
0.460264444 0.076449707 0.884484053 3.855957270 -0.052061666 0.996895075 -0.059074227 -0.168761566 -0.886254013 -0.018857947 0.462815464 55.582908630
0.410991162 0.074115463 0.908621550 4.290897369 -0.051049404 0.996996820 -0.058233302 -0.188870072 -0.910208881 -0.022451213 0.413540512 55.745765686
0.360320359 0.073687173 0.929913640 4.749884605 -0.054264631 0.996842802 -0.057964388 -0.212891459 -0.931248963 -0.029575663 0.363181323 55.912227631
0.310830832 0.074488729 0.947541893 5.205211639 -0.052957755 0.996732891 -0.060983546 -0.233572870 -0.948988736 -0.031224120 0.313760132 56.036548615
0.263995886 0.071069218 0.961901903 5.685529232 -0.041592576 0.997192860 -0.062261496 -0.263404876 -0.963626623 -0.023571195 0.266210794 56.119655609
0.219852626 0.065434337 0.973336160 6.210088730 -0.028131332 0.997758269 -0.060721990 -0.288015246 -0.975127399 -0.014031352 0.221200526 56.199367523
0.177651048 0.064290814 0.981991291 6.734410286 -0.019558690 0.997897208 -0.061793845 -0.320523828 -0.983899117 -0.008228717 0.178534970 56.263809204
0.139033094 0.065783747 0.988100350 7.239486694 -0.016522644 0.997806370 -0.064105079 -0.344977409 -0.990149915 -0.007413303 0.139815018 56.306537628
0.106275693 0.066510610 0.992109776 7.780445576 -0.007930305 0.997785389 -0.066041604 -0.378437728 -0.994305134 -0.000849116 0.106567763 56.337120056
0.077512190 0.064729311 0.994887888 8.343955994 -0.000504115 0.997892678 -0.064885519 -0.413408905 -0.996991336 0.004527879 0.077381454 56.356040955
0.052505914 0.062996425 0.996631622 8.918900490 0.006139998 0.997968972 -0.063404448 -0.447961003 -0.998601735 0.009448423 0.052012477 56.370750427
0.032691028 0.062229965 0.997526288 9.477046967 0.011199974 0.997974277 -0.062624954 -0.470409930 -0.999402702 0.013219544 0.031927828 56.363876343
0.016932542 0.064150192 0.997796535 10.067500114 0.014180481 0.997823834 -0.064392596 -0.495104820 -0.999756098 0.015239565 0.015986016 56.362174988
0.003230192 0.063845359 0.997954547 10.652756691 0.014428298 0.997852862 -0.063885562 -0.532119751 -0.999890745 0.014605149 0.002302077 56.357322693
-0.008006874 0.064793013 0.997866571 11.262194633 0.015673622 0.997784078 -0.064661883 -0.565947056 -0.999845088 0.015122444 -0.009004680 56.339981079
-0.017337268 0.067603081 0.997561634 11.895137787 0.020420887 0.997527421 -0.067245856 -0.603051126 -0.999641061 0.019205235 -0.018674914 56.330047607
-0.023680609 0.069383442 0.997308969 12.519758224 0.024552947 0.997328162 -0.068801776 -0.638842225 -0.999418020 0.022857606 -0.025320904 56.300350189
-0.028484670 0.068876222 0.997218430 13.176393509 0.024721535 0.997366607 -0.068180315 -0.675135851 -0.999288440 0.022710679 -0.030112391 56.287757874
-0.032335006 0.066186860 0.997283101 13.827133179 0.022546293 0.997599304 -0.065476827 -0.705820024 -0.999222696 0.020367846 -0.033749644 56.273120880
-0.034600563 0.059470106 0.997630239 14.517744064 0.020825243 0.998054087 -0.058773093 -0.743087649 -0.999184191 0.018742314 -0.035771720 56.248813629
-0.035613429 0.053884216 0.997911870 15.205498695 0.022219958 0.998341262 -0.053114407 -0.776796281 -0.999118567 0.020281971 -0.036751665 56.219131470
-0.036284722 0.051086675 0.998034894 15.882249832 0.024401834 0.998440087 -0.050220255 -0.811589062 -0.999043524 0.022531653 -0.037474729 56.194049835
-0.036397606 0.053434998 0.997907758 16.593147278 0.027730353 0.998238862 -0.052441299 -0.849832177 -0.998952627 0.025763594 -0.037815280 56.171852112
-0.034849256 0.061100613 0.997523069 17.305242538 0.028876916 0.997774184 -0.060107157 -0.874058306 -0.998975337 0.026710698 -0.036536083 56.134094238
-0.033138111 0.068760835 0.997082651 18.012792587 0.029805439 0.997254848 -0.067782104 -0.919445753 -0.999006271 0.027472315 -0.035096589 56.114074707
-0.031388801 0.069388084 0.997095883 18.732265472 0.030624352 0.997185707 -0.068430282 -0.953780353 -0.999038041 0.028387466 -0.033425432 56.100406647
-0.028810501 0.064981237 0.997470498 19.474147797 0.029808525 0.997496843 -0.064121954 -0.995857537 -0.999140322 0.027885742 -0.030675378 56.073474884
-0.026519870 0.058850087 0.997914493 20.214859009 0.029308613 0.997882247 -0.058069292 -1.034699678 -0.999218643 0.027707500 -0.028188525 56.058856964
-0.023526441 0.057219535 0.998084366 20.968208313 0.027749863 0.998013377 -0.056561366 -1.080086827 -0.999338031 0.026366020 -0.025067538 56.043636322
-0.020112593 0.062871188 0.997819006 21.703966141 0.035254207 0.997444808 -0.062137019 -1.119324207 -0.999176025 0.033927582 -0.022277676 56.020408630
-0.016955383 0.067919858 0.997546673 22.429201126 0.037407052 0.997034669 -0.067249194 -1.164597154 -0.999156296 0.036175042 -0.019445786 56.006999969
-0.014474313 0.068781130 0.997526705 23.166946411 0.030979212 0.997183144 -0.068307921 -1.203767300 -0.999415278 0.029913884 -0.016564326 56.007648468
-0.011603824 0.065034851 0.997815490 23.930307388 0.026387727 0.997555077 -0.064711012 -1.254187346 -0.999584436 0.025579188 -0.013291575 56.016685486
-0.006584761 0.061620895 0.998077929 24.673599243 0.030521324 0.997646868 -0.061392915 -1.299355268 -0.999512434 0.030058404 -0.008450018 56.004627228
-0.002584912 0.062297184 0.998054266 25.408363342 0.035149850 0.997446537 -0.062168218 -1.347800851 -0.999378741 0.034920748 -0.004768047 55.988204956
-0.000045959 0.066746756 0.997769952 26.143465042 0.034794103 0.997165859 -0.066704758 -1.397046208 -0.999394476 0.034713447 -0.002368223 55.999279022
0.003459655 0.067685120 0.997700691 26.911642075 0.030740472 0.997227967 -0.067759641 -1.437663555 -0.999521375 0.030904213 0.001369393 56.008434296
0.007001301 0.067020848 0.997727036 27.663021088 0.030002248 0.997288167 -0.067201905 -1.484077334 -0.999525309 0.030404555 0.004971539 56.020267487
0.010717572 0.064020097 0.997891009 28.401580811 0.034071308 0.997345448 -0.064351030 -1.528881669 -0.999361932 0.034689140 0.008507874 56.024501801
0.014616587 0.064431921 0.997815013 29.150770187 0.038610939 0.997140944 -0.064953975 -1.579935670 -0.999147475 0.039475981 0.012087022 56.026405334
0.017897613 0.065193139 0.997712135 29.916376114 0.042006742 0.996941864 -0.065896340 -1.635292411 -0.998957038 0.043090031 0.015104332 56.041023254
0.020649588 0.065306306 0.997651637 30.666078568 0.042470582 0.996906340 -0.066136591 -1.678012848 -0.998884380 0.043736540 0.017812107 56.058998108
0.024182620 0.063554667 0.997685313 31.412960052 0.043948378 0.996944726 -0.064572744 -1.727115512 -0.998741150 0.045408186 0.021315612 56.080059052
0.027745215 0.062648557 0.997649908 32.157543182 0.045899402 0.996901572 -0.063878059 -1.772553086 -0.998560727 0.047563843 0.024783717 56.096866608
0.030822618 0.062749058 0.997553229 32.902122498 0.044364434 0.996957958 -0.064082392 -1.821540594 -0.998539865 0.046231069 0.027945029 56.125156403
0.033518098 0.064001307 0.997386754 33.669925690 0.041315660 0.997005641 -0.065365314 -1.876162767 -0.998583734 0.043398615 0.030773474 56.156871796
0.036604259 0.064061008 0.997274518 34.427665710 0.043239970 0.996906996 -0.065624513 -1.917319179 -0.998393893 0.045524247 0.033721048 56.179496765
0.039390888 0.063817881 0.997183800 35.185234070 0.041329511 0.997000277 -0.065438740 -1.962153792 -0.998368800 0.043790814 0.036635164 56.213283539
0.041584503 0.064144216 0.997073770 35.937290192 0.039395198 0.997055769 -0.065786086 -2.007148743 -0.998358071 0.042015593 0.038935088 56.253585815
0.044448256 0.063843556 0.996969581 36.701801300 0.036803823 0.997173727 -0.065497458 -2.059311867 -0.998333514 0.039603535 0.041972950 56.293441772
0.047300387 0.065736659 0.996715307 37.468112946 0.034844864 0.997116208 -0.067416705 -2.108523369 -0.998272777 0.037919249 0.044873405 56.341388702
0.051071249 0.069920577 0.996244371 38.232269287 0.033763845 0.996854961 -0.071694300 -2.147382498 -0.998124182 0.037298556 0.048549842 56.380603790
0.054161582 0.071440160 0.995973349 38.999294281 0.034304649 0.996715486 -0.073358893 -2.204922676 -0.997942746 0.038139749 0.051532958 56.428379059
0.057233501 0.073751524 0.995633066 39.764167786 0.027991163 0.996757150 -0.075443849 -2.254851818 -0.997968316 0.032186843 0.054983508 56.480968475
0.059692517 0.072938740 0.995548427 40.554019928 0.024419941 0.996921659 -0.074503556 -2.303457737 -0.997918010 0.028758539 0.057727605 56.539802551
0.063583396 0.073292047 0.995281637 41.330451965 0.026770486 0.996815383 -0.075115234 -2.359366655 -0.997617364 0.031420257 0.061418846 56.592712402
0.067652337 0.074698545 0.994908750 42.101917267 0.025839763 0.996727586 -0.076592177 -2.411232710 -0.997374296 0.030889841 0.065500766 56.640674591
0.071151078 0.075209431 0.994626164 42.883258820 0.022001702 0.996792376 -0.076947138 -2.468393803 -0.997222900 0.027358340 0.069268122 56.717662811
0.075378440 0.073553838 0.994438529 43.685295105 0.021111980 0.996934414 -0.075338744 -2.518148661 -0.996931493 0.026673483 0.073594496 56.782825470
0.079749212 0.073536433 0.994098842 44.469970703 0.021186296 0.996924877 -0.075445101 -2.579719543 -0.996589780 0.027077964 0.077946022 56.850830078
0.084971569 0.076910466 0.993410587 45.263996124 0.018101215 0.996732771 -0.078715958 -2.636947632 -0.996218979 0.024670558 0.083301760 56.926422119
0.090467565 0.085896820 0.992188215 46.059787750 0.015846472 0.996023178 -0.087673694 -2.693969965 -0.995773256 0.023654308 0.088746637 57.019458771
0.098246031 0.090729803 0.991017580 46.840133667 0.014884002 0.995589972 -0.092623949 -2.752716780 -0.995050728 0.023850244 0.096462324 57.094650269
0.104960978 0.093889900 0.990034342 47.624492645 0.009540319 0.995392382 -0.095409490 -2.819478035 -0.994430542 0.019459516 0.103581622 57.197486877
0.111931756 0.091908902 0.989456356 48.430946350 0.006417251 0.995625973 -0.093207933 -2.887029886 -0.993695199 0.016782515 0.110852353 57.298698425
0.119304791 0.090615228 0.988713861 49.240375519 0.006286895 0.995737553 -0.092017546 -2.950718164 -0.992837846 0.017194077 0.118226558 57.406261444
0.127276540 0.086700507 0.988070726 50.069202423 0.005880829 0.996088803 -0.088161610 -3.024387360 -0.991849780 0.017031578 0.126268864 57.511840820
0.134539932 0.080513768 0.987631738 50.877231598 0.003650603 0.996646464 -0.081745982 -3.103341103 -0.990901411 0.014603551 0.133794844 57.632381439
0.142091066 0.073912792 0.987090111 51.680908203 0.001038138 0.997196555 -0.074819013 -3.151081324 -0.989853084 0.011655848 0.141616002 57.749298096
0.149106964 0.071229860 0.986252189 52.481758118 0.000418321 0.997397423 -0.072098054 -3.217405558 -0.988820970 0.011162893 0.148689136 57.881008148
0.155982375 0.072994642 0.985059023 53.306838989 0.001141068 0.997251749 -0.074078828 -3.277794600 -0.987759113 0.012679011 0.155470386 58.024200439
0.161753193 0.079851851 0.983595252 54.097377777 0.001550753 0.996698976 -0.081170686 -3.333049774 -0.986830056 0.014654929 0.161095411 58.159118652
0.166593105 0.083106942 0.982517123 54.877468109 -0.000165919 0.996444106 -0.084256828 -3.395599127 -0.986025631 0.013873589 0.166014522 58.302833557
0.171412975 0.085963368 0.981441796 55.661865234 -0.000922923 0.996199608 -0.087094799 -3.458797693 -0.985198855 0.014023383 0.170840874 58.456291199
0.177281186 0.085766129 0.980415940 56.419551849 -0.002762734 0.996235073 -0.086650386 -3.513866901 -0.984156311 0.012652855 0.176850662 58.591789246
0.182313263 0.082783304 0.979749382 57.172306061 -0.000263663 0.996453404 -0.084145628 -3.591931581 -0.983240485 0.015082540 0.181688532 58.722541809
0.186864540 0.076050967 0.979437530 57.933280945 0.000992778 0.996983767 -0.077602804 -3.646468639 -0.982385218 0.015473574 0.186225444 58.870285034
0.190386415 0.070140906 0.979200363 58.686103821 -0.000758644 0.997454464 -0.071300976 -3.701563597 -0.981708884 0.012831870 0.189955011 59.018802643
0.193456516 0.067030661 0.978816450 59.424179077 -0.004498809 0.997713566 -0.067435600 -3.756514549 -0.981098533 0.008642348 0.193315729 59.179405212
0.196557507 0.066863082 0.978209853 60.159004211 -0.006138478 0.997736394 -0.066964343 -3.809403896 -0.980473101 0.007157623 0.196523026 59.334571838
0.198496237 0.068834126 0.977681518 60.866241455 -0.008013042 0.997611344 -0.068610430 -3.857455492 -0.980068862 0.005784709 0.198573649 59.485210419
0.199992135 0.073147848 0.977063298 61.567562103 -0.012311894 0.997318149 -0.072144158 -3.909501553 -0.979720175 0.002398764 0.200356379 59.638587952
0.202088416 0.077268384 0.976314366 62.254863739 -0.013401334 0.997007728 -0.076132141 -3.960391521 -0.979275584 0.002301508 0.202519178 59.789997101
0.203716874 0.082345031 0.975560784 62.934364319 -0.013447774 0.996597886 -0.081312560 -4.013321877 -0.978937507 0.003445621 0.204131171 59.945003510
0.205387563 0.084460959 0.975029409 63.611595154 -0.013115996 0.996417224 -0.083550811 -4.066970825 -0.978592873 0.004371813 0.205759481 60.089859009
0.206850231 0.084319279 0.974732399 64.276512146 -0.015326157 0.996436298 -0.082944386 -4.119643688 -0.978252530 0.002218162 0.207405373 60.238342285
0.207768768 0.081495248 0.974777222 64.956718445 -0.015705302 0.996672869 -0.079978302 -4.176754951 -0.978051841 0.001307820 0.208357394 60.384544373
0.208601251 0.079082422 0.974798083 65.612167358 -0.015630085 0.996867657 -0.077528104 -4.227787018 -0.977875888 0.000936282 0.209183902 60.524734497
0.208594888 0.077866904 0.974897385 66.263877869 -0.014502793 0.996962130 -0.076526158 -4.277489185 -0.977894664 0.001824230 0.209090486 60.667613983
0.206981868 0.077266447 0.975288868 66.898132324 -0.014984829 0.997009873 -0.075807102 -4.325500011 -0.978230119 0.001076160 0.207520798 60.806377411
0.205488622 0.078010008 0.975545406 67.515426636 -0.016362244 0.996952534 -0.076275311 -4.379445076 -0.978522778 -0.000288405 0.206138834 60.935077667
0.203003034 0.080795437 0.975839078 68.133422852 -0.016895566 0.996730566 -0.079010412 -4.430980206 -0.979032338 -0.000447999 0.203704432 61.076141357
0.200869277 0.084624089 0.975956082 68.729476929 -0.014095771 0.996408403 -0.083496325 -4.472875118 -0.979516625 0.003014989 0.201340675 61.202568054
0.199451119 0.085280947 0.976189673 69.330818176 -0.011945181 0.996343255 -0.084601000 -4.518959999 -0.979834914 0.005212998 0.199740484 61.318820953
0.196835324 0.084157608 0.976817906 69.919998169 -0.012467764 0.996443629 -0.083336100 -4.561874866 -0.980357289 0.004224752 0.197184518 61.447078705
0.194556430 0.081371397 0.977510214 70.504119873 -0.012969403 0.996679425 -0.080385774 -4.608980656 -0.980805576 0.002961843 0.194965735 61.561889648
0.192414135 0.077064537 0.978283107 71.076393127 -0.012024825 0.997021914 -0.076175563 -4.660968781 -0.981240094 0.002893572 0.192767799 61.675025940
0.190986425 0.076197162 0.978630722 71.640884399 -0.008259125 0.997072041 -0.076021187 -4.707113743 -0.981557965 0.006436381 0.191056520 61.776161194
0.188973576 0.077764474 0.978898168 72.196823120 -0.004838243 0.996921003 -0.078262217 -4.748016357 -0.981970191 0.010053344 0.188767985 61.882202148
0.186118647 0.079848550 0.979277313 72.739379883 -0.000962054 0.996706605 -0.081086837 -4.789570808 -0.982526839 0.014149656 0.185582489 61.986030579
0.184593573 0.081573881 0.979423761 73.286804199 -0.001043577 0.996565342 -0.082804874 -4.828465939 -0.982814372 0.014263143 0.184044674 62.089832306
0.183423981 0.084200636 0.979421198 73.826789856 -0.001901429 0.996353507 -0.085300207 -4.870176315 -0.983032048 0.013783804 0.182915211 62.187191010
0.182257414 0.082400098 0.979791999 74.380661011 -0.000170483 0.996484935 -0.083772242 -4.919193745 -0.983250797 0.015101076 0.181630805 62.288837433
0.183414236 0.081218898 0.979674757 74.934516907 0.006006468 0.996469915 -0.083735801 -4.954419613 -0.983017325 0.021242721 0.182278901 62.378528595
0.185224742 0.079096571 0.979507804 75.480888367 0.011210962 0.996520638 -0.082590364 -4.995858669 -0.982632101 0.026279004 0.183693498 62.478767395
0.187214091 0.078828365 0.979151189 76.044654846 0.013771355 0.996466458 -0.082855456 -5.039904118 -0.982222617 0.028995944 0.185466960 62.589385986
0.190038651 0.078638270 0.978622198 76.598533630 0.010679968 0.996562541 -0.082153834 -5.085425377 -0.981718540 0.026064057 0.188545510 62.713790894
0.195399851 0.079281025 0.977513850 77.159751892 0.009022678 0.996539652 -0.082627684 -5.132288933 -0.980682075 0.024965230 0.194008365 62.837371826
0.202346519 0.078034922 0.976199985 77.688346863 0.010741600 0.996583402 -0.081890836 -5.169805527 -0.979255021 0.027056275 0.200816974 62.937591553
0.210004240 0.078855425 0.974515259 78.256858826 0.008953379 0.996545255 -0.082567468 -5.203464985 -0.977659404 0.026064720 0.208572716 63.067424774
0.218156755 0.076420419 0.972917020 78.828575134 0.009199361 0.996723950 -0.080353171 -5.252769470 -0.975870371 0.026479805 0.216739058 63.210514069
0.227261767 0.075881377 0.970872819 79.403617859 0.005841531 0.996835291 -0.079277948 -5.299195290 -0.973816216 0.023688227 0.226099297 63.353195190
0.236529216 0.076098561 0.968639672 79.986282349 0.004462984 0.996832550 -0.079403259 -5.337399960 -0.971614063 0.023104217 0.235440388 63.508220673
0.246195823 0.079735592 0.965934753 80.580421448 -0.000980587 0.996630192 -0.082019500 -5.390020847 -0.969219506 0.019245675 0.245444387 63.682514191
0.255781263 0.081649341 0.963280499 81.167495728 -0.004279167 0.996512771 -0.083329938 -5.428262711 -0.966725171 0.017192198 0.255238712 63.837551117
0.266381800 0.084562249 0.960151076 81.768142700 -0.008369415 0.996309459 -0.085424796 -5.473025322 -0.963831246 0.014719713 0.266106457 64.021286011
0.276632547 0.086331628 0.957089961 82.376434326 -0.009703184 0.996156514 -0.087050959 -5.522081852 -0.960926831 0.014794308 0.276407003 64.208503723
0.286615521 0.087210178 0.954068124 83.006156921 -0.012657939 0.996105969 -0.087250188 -5.569626331 -0.957962096 0.012930725 0.286603302 64.410453796
0.296767563 0.087514117 0.950931191 83.616439819 -0.013749427 0.996080339 -0.087378241 -5.620897770 -0.954850793 0.012856269 0.296807587 64.611122131
0.307288438 0.088766426 0.947467268 84.271934509 -0.018346470 0.996007502 -0.087363817 -5.664055347 -0.951439500 0.009463208 0.307690144 64.825637817
0.317688555 0.084053487 0.944462299 84.933006287 -0.017187733 0.996410072 -0.082895197 -5.705744267 -0.948039293 0.010101686 0.317992687 65.061637878
0.328505307 0.076694489 0.941383183 85.598381042 -0.013892405 0.996982157 -0.076376259 -5.761678219 -0.944399953 0.012011928 0.328579456 65.289535522
0.339432150 0.072556958 0.937827945 86.259811401 -0.012539154 0.997280896 -0.072618298 -5.811657429 -0.940546930 0.012889422 0.339419037 65.536468506
0.349736303 0.069245897 0.934285581 86.943222046 -0.013410948 0.997532427 -0.068913341 -5.859528065 -0.936752200 0.011571844 0.349802017 65.802413940
0.359067172 0.066920452 0.930909455 87.628814697 -0.007155858 0.997594118 -0.068954088 -5.897960663 -0.933284223 0.018097695 0.358682185 66.067550659
0.367770672 0.061489325 0.927881360 88.331451416 -0.000471221 0.997823656 -0.065937534 -5.937395573 -0.929916382 0.023812653 0.366999239 66.339767456
0.374822885 0.052263051 0.925622225 89.051452637 0.009240099 0.998149693 -0.060099836 -5.975513935 -0.927050471 0.031079633 0.373646379 66.620231628
0.381623864 0.047670949 0.923087597 89.754592896 0.014513032 0.998237014 -0.057551879 -6.019403934 -0.924203753 0.035359971 0.380259216 66.913810730
0.388953537 0.047492113 0.920032442 90.462493896 0.016428908 0.998153925 -0.058470242 -6.068806171 -0.921110868 0.037857331 0.387455255 67.215225220
0.396484077 0.053794589 0.916464150 91.175361633 0.018768778 0.997598052 -0.066676803 -6.106867790 -0.917849720 0.043637197 0.394522101 67.526184082
0.403457284 0.058133911 0.913149834 91.883056641 0.022735003 0.997034609 -0.073519289 -6.146602154 -0.914715886 0.050422363 0.400939256 67.834693909
0.408872873 0.060231987 0.910601497 92.588439941 0.020854115 0.996942401 -0.075306810 -6.196919441 -0.912352979 0.049780704 0.406366587 68.153152466
0.413039446 0.061965559 0.908602536 93.279045105 0.013670285 0.997148395 -0.074218594 -6.251226902 -0.910610497 0.043076068 0.411014497 68.490348816
0.417020530 0.065713063 0.906518400 93.968681335 0.006796306 0.997129560 -0.075407885 -6.306897163 -0.908871710 0.037607610 0.415376902 68.827537537
0.421311140 0.068654053 0.904313862 94.654762268 0.006177671 0.996890128 -0.078560427 -6.364369392 -0.906895041 0.038684934 0.419576854 69.141136169
0.425333291 0.072558373 0.902123630 95.326278687 0.003248113 0.996652186 -0.081692792 -6.422631264 -0.905030906 0.037676867 0.423673749 69.466117859
0.428919941 0.075649694 0.900169373 95.988540649 0.000151254 0.996481180 -0.083815761 -6.478142738 -0.903342426 0.036086407 0.427399218 69.789955139
0.432527840 0.073946536 0.898583114 96.639434814 -0.001213313 0.996677816 -0.081434973 -6.541596889 -0.901619732 0.034132626 0.431180626 70.112266541
0.436993808 0.070710286 0.896680832 97.302085876 0.000225584 0.996896505 -0.078723013 -6.598822594 -0.899464488 0.034603745 0.435621649 70.442237854
0.440435559 0.068068735 0.895200074 97.937362671 -0.000030657 0.997122705 -0.075803623 -6.650389194 -0.897784233 0.033359159 0.439170390 70.750389099
0.443903953 0.067375921 0.893537819 98.568534851 -0.001111476 0.997209907 -0.074640982 -6.703677654 -0.896073699 0.032140281 0.442740232 71.074989319
0.447340012 0.068860434 0.891709089 99.181434631 -0.003365212 0.997154057 -0.075315006 -6.758645535 -0.894357681 0.030690623 0.446298599 71.391334534
0.449852258 0.069584548 0.890388012 99.785537720 -0.002538287 0.997055709 -0.076638281 -6.807424068 -0.893099368 0.032215841 0.448704362 71.701858521
0.452148825 0.067582205 0.889378428 100.390686035 -0.000162837 0.997131646 -0.075687386 -6.858196735 -0.891942501 0.034077141 0.450862885 72.011550903
0.453882933 0.066813394 0.888552785 100.987220764 0.000773714 0.997154951 -0.075374790 -6.914572716 -0.891061068 0.034898821 0.452539891 72.313751221
0.455892861 0.066420346 0.887552857 101.577018738 0.000770766 0.997181714 -0.075020388 -6.951735973 -0.890034318 0.034885347 0.454556793 72.618225098
0.457846522 0.065435067 0.886619925 102.153694153 0.002398202 0.997193158 -0.074834108 -7.003455639 -0.889028013 0.036388826 0.456404418 72.919425964
0.460550100 0.067421719 0.885069489 102.715171814 0.001701272 0.997042298 -0.076836720 -7.046471596 -0.887632012 0.036892902 0.459073186 73.209960938
0.463488519 0.067269661 0.883545876 103.273445129 0.004782153 0.996909797 -0.078409351 -7.096992970 -0.886089921 0.040567081 0.461734504 73.502861023
0.466632426 0.066831037 0.881922841 103.827117920 0.006272470 0.996865928 -0.078860119 -7.143745899 -0.884429097 0.042330515 0.464750737 73.794456482
0.469435662 0.065198563 0.880556285 104.367668152 0.009073807 0.996861160 -0.078647442 -7.194963932 -0.882920027 0.044909906 0.467370600 74.098472595
0.472855777 0.064192697 0.878798425 104.881736755 0.010274478 0.996873200 -0.078345992 -7.240026474 -0.881079912 0.046075542 0.470717758 74.352241516
0.475826621 0.063622594 0.877234936 105.399269104 0.011635983 0.996837616 -0.078608476 -7.284305573 -0.879462123 0.047611501 0.473581582 74.639381409
0.479494750 0.062871158 0.875289619 105.915176392 0.012031038 0.996865451 -0.078194581 -7.332178116 -0.877462208 0.048024531 0.477235377 74.921684265
0.482788533 0.062156964 0.873528361 106.423812866 0.013841951 0.996811748 -0.078579627 -7.375456810 -0.875627577 0.050028682 0.480388939 75.207603455
0.486725599 0.063109599 0.871272206 106.923423767 0.013516424 0.996723533 -0.079747297 -7.423333168 -0.873450220 0.050591543 0.484277874 75.487571716
0.490530550 0.063453257 0.869110703 107.425148010 0.015528990 0.996550560 -0.081522189 -7.470137119 -0.871285617 0.053485546 0.487853140 75.786407471
0.495829642 0.066995673 0.865831733 107.913848877 0.013224227 0.996321619 -0.084665649 -7.513490200 -0.868319094 0.053429697 0.493119836 76.057968140
0.501405954 0.072834894 0.862141132 108.397346497 0.009849099 0.995905340 -0.089863546 -7.557839394 -0.865156114 0.053549424 0.498635530 76.346176147
0.507146239 0.079888135 0.858149529 108.881835938 0.004573572 0.995431304 -0.095371053 -7.608042240 -0.861847937 0.052291870 0.504463792 76.650749207
0.513084829 0.086045168 0.854014158 109.362411499 -0.000543722 0.994995058 -0.099922873 -7.659502983 -0.858337641 0.050804563 0.510563672 76.955848694
0.518792450 0.090740219 0.850070953 109.836051941 -0.004049797 0.994600773 -0.103696391 -7.708337784 -0.854890645 0.050354287 0.516358852 77.282958984
0.524776936 0.090828732 0.846380115 110.312210083 -0.008850870 0.994819522 -0.101270676 -7.762449265 -0.851193666 0.045653306 0.522862434 77.565223694
0.530551672 0.090145469 0.842845559 110.811325073 -0.015285923 0.995184839 -0.096816592 -7.809974194 -0.847514689 0.038482536 0.529375017 77.892242432
0.535734534 0.087387502 0.839852273 111.299972534 -0.021390479 0.995715559 -0.089960434 -7.866527557 -0.844115436 0.030230075 0.535308540 78.236763000
0.541881680 0.085633643 0.836080790 111.806808472 -0.027425654 0.996067584 -0.084244765 -7.917147636 -0.840007186 0.022720633 0.542099297 78.576507568
0.547791004 0.083830461 0.832404673 112.313186646 -0.030252477 0.996301234 -0.080427662 -7.967380047 -0.836068213 0.018875245 0.548300862 78.932739258
0.554360449 0.087471873 0.827667356 112.828231812 -0.035224855 0.996036530 -0.081672803 -8.010632515 -0.831531048 0.016121704 0.555244327 79.290748596
0.560516119 0.091670796 0.823054194 113.340675354 -0.039358251 0.995680213 -0.084093921 -8.054653168 -0.827207804 0.014742021 0.561702728 79.657638550
0.566203594 0.094876781 0.818786800 113.872932434 -0.042186260 0.995387077 -0.086167857 -8.105817795 -0.823185146 0.014247005 0.567594230 80.045372009
0.572737515 0.097082652 0.813969672 114.409645081 -0.044322625 0.995177269 -0.087508433 -8.151068687 -0.818539619 0.014042093 0.574278355 80.432693481
