1.000000000 0.000000000 0.000000000 0.000000000 0.000000000 1.000000000 0.000000000 0.000000000 0.000000000 0.000000000 1.000000000 0.000000000
0.999998271 0.000975268 0.001571465 -0.008052796 -0.000968162 0.999989331 -0.004516339 -0.002397398 -0.001575852 0.004514810 0.999988556 0.961400390
0.999997020 -0.000905429 0.002255589 -0.004767010 0.000917822 0.999984443 -0.005499396 0.002475798 -0.002250575 0.005501450 0.999982357 1.920468330
0.999992907 -0.002471984 0.002846858 -0.010249305 0.002475845 0.999996006 -0.001353600 -0.001197479 -0.002843501 0.001360639 0.999995053 2.859380722
0.999985278 -0.004932586 0.002273541 -0.009596205 0.004921739 0.999976575 0.004752158 -0.004458760 -0.002296928 -0.004740898 0.999986112 3.810555696
0.999962866 -0.008592331 0.000625950 -0.003964601 0.008589194 0.999951363 0.004852588 -0.001587769 -0.000667614 -0.004847032 0.999988019 4.750200748
0.999939322 -0.011017564 -0.000122820 -0.004651931 0.011017771 0.999937594 0.001836125 0.002481496 0.000102583 -0.001837367 0.999998331 5.687084675
0.999931276 -0.011682242 -0.000970391 -0.010132692 0.011680323 0.999929845 -0.001960578 0.010798141 0.000993227 0.001949109 0.999997616 6.614645958
0.999939501 -0.010930900 -0.001251649 -0.022702364 0.010928247 0.999938071 -0.002106914 0.004738088 0.001274602 0.002093108 0.999997020 7.545267105
0.999934256 -0.011158316 -0.002641125 -0.022789879 0.011157035 0.999937654 -0.000499646 0.006631460 0.002646535 0.000470146 0.999996364 8.473837852
0.999940038 -0.010518726 -0.003052011 -0.035650998 0.010526323 0.999941528 0.002483578 0.006442076 0.003025709 -0.002515556 0.999992251 9.392264366
0.999931157 -0.011033064 -0.003996483 -0.042580035 0.011049185 0.999930799 0.004034428 0.010173861 0.003951694 -0.004078308 0.999983847 10.314730644
0.999910951 -0.012426857 -0.004869313 -0.041262303 0.012449286 0.999911904 0.004603263 0.016471134 0.004811680 -0.004663472 0.999977529 11.226815224
0.999902964 -0.012692174 -0.005744211 -0.050311830 0.012719410 0.999907911 0.004729890 0.018049167 0.005683650 -0.004802494 0.999972343 12.141088486
0.999898374 -0.012840311 -0.006189952 -0.062789887 0.012859739 0.999912500 0.003109208 0.021378709 0.006149487 -0.003188493 0.999975979 13.041938782
0.999885142 -0.013328619 -0.007211760 -0.080542304 0.013337797 0.999910295 0.001225900 0.027547916 0.007194773 -0.001321948 0.999973238 13.958602905
0.999850392 -0.014527117 -0.009387965 -0.081143893 0.014526314 0.999894500 -0.000153737 0.029734967 0.009389208 0.000017341 0.999955893 14.849187851
0.999837756 -0.014270471 -0.010990116 -0.098154701 0.014262667 0.999897957 -0.000788243 0.031387541 0.011000244 0.000631367 0.999939322 15.751938820
0.999840319 -0.012819443 -0.012448340 -0.121071592 0.012797423 0.999916375 -0.001846964 0.033063829 0.012470976 0.001687363 0.999920785 16.650054932
0.999838412 -0.011546714 -0.013775990 -0.143303081 0.011530207 0.999932706 -0.001277074 0.023609361 0.013789809 0.001118027 0.999904275 17.554809570
0.999809027 -0.012073501 -0.015367919 -0.160186514 0.012061215 0.999926865 -0.000891888 0.030273359 0.015377563 0.000706362 0.999881506 18.444856644
0.999785781 -0.012579244 -0.016434675 -0.189281434 0.012583419 0.999920785 0.000150658 0.035023727 0.016431479 -0.000357430 0.999864936 19.343702316
0.999766350 -0.011652701 -0.018205609 -0.195345804 0.011676908 0.999931097 0.001223963 0.028030915 0.018190091 -0.001436262 0.999833524 20.191501617
0.999720275 -0.012795772 -0.019892119 -0.215486318 0.012828540 0.999916553 0.001520506 0.024379740 0.019871004 -0.001775268 0.999800980 21.068607330
0.999684811 -0.012747746 -0.021626983 -0.239893630 0.012764568 0.999918342 0.000639956 0.029646561 0.021617057 -0.000915813 0.999765933 21.943811417
0.999658167 -0.012775022 -0.022810627 -0.261535823 0.012798123 0.999917746 0.000867079 0.030504847 0.022797674 -0.001158716 0.999739408 22.807765961
0.999635935 -0.012652908 -0.023829520 -0.279132038 0.012719898 0.999915540 0.002661720 0.035743620 0.023793830 -0.002963860 0.999712467 23.659730911
0.999598026 -0.013686065 -0.024829039 -0.300070316 0.013834655 0.999887347 0.005822651 0.035039213 0.024746554 -0.006163812 0.999674737 24.506959915
0.999582887 -0.013782564 -0.025378928 -0.324543506 0.013962957 0.999878407 0.006944566 0.042139761 0.025280127 -0.007296034 0.999653757 25.340450287
0.999577880 -0.012922700 -0.026020976 -0.350394368 0.013080681 0.999897003 0.005910240 0.041382607 0.025941920 -0.006248117 0.999643922 26.175189972
0.999579906 -0.011298756 -0.026690587 -0.380370051 0.011393933 0.999929249 0.003416510 0.044127382 0.026650097 -0.003719185 0.999637902 26.984046936
0.999566019 -0.010803116 -0.027405851 -0.407923788 0.010859950 0.999939203 0.001925849 0.046860907 0.027383378 -0.002222640 0.999622524 27.781900406
0.999543488 -0.009915846 -0.028539965 -0.430502385 0.009949024 0.999949992 0.001020716 0.053570312 0.028528415 -0.001304195 0.999592125 28.575937271
0.999503493 -0.009860039 -0.029924881 -0.456951559 0.009885473 0.999950886 0.000702117 0.052180301 0.029916489 -0.000997590 0.999551892 29.359502792
0.999448895 -0.009540852 -0.031794101 -0.488611698 0.009545309 0.999954462 -0.000011625 0.050061855 0.031792764 -0.000291866 0.999494433 30.132814407
0.999382138 -0.009873081 -0.033732127 -0.516719401 0.009871457 0.999951243 -0.000214695 0.050053447 0.033732601 -0.000118423 0.999430895 30.911197662
0.999315202 -0.009796181 -0.035681866 -0.550470233 0.009837905 0.999951124 0.000993966 0.051153112 0.035670385 -0.001344321 0.999362707 31.654922485
0.999224126 -0.010122608 -0.038062252 -0.575812876 0.010258832 0.999941647 0.003385365 0.051597424 0.038025763 -0.003773212 0.999269664 32.409637451
0.999175072 -0.009145303 -0.039566346 -0.614925265 0.009330761 0.999946296 0.004505137 0.056455135 0.039523020 -0.004870605 0.999206781 33.157207489
0.999121308 -0.007519503 -0.041231383 -0.654450178 0.007712163 0.999960065 0.004515591 0.061337769 0.041195780 -0.004829606 0.999139428 33.884098053
0.999040067 -0.005041669 -0.043514132 -0.688429475 0.005216790 0.999978721 0.003911837 0.058958374 0.043493483 -0.004135086 0.999045134 34.598758698
0.998962998 -0.004071350 -0.045346495 -0.720335484 0.004215001 0.999986410 0.003072694 0.065137915 0.045333367 -0.003260643 0.998966575 35.310771942
0.998899400 -0.003734017 -0.046754725 -0.761994541 0.003937000 0.999983191 0.004250115 0.067274593 0.046738070 -0.004429511 0.998897374 36.005401611
0.998851836 -0.002309043 -0.047850870 -0.800540090 0.002607223 0.999977589 0.006169962 0.068925723 0.047835547 -0.006287636 0.998835444 36.699893951
0.998849511 0.000422174 -0.047952864 -0.835445881 -0.000102949 0.999977827 0.006659345 0.072573066 0.047954611 -0.006646747 0.998827398 37.386844635
0.998888016 0.003919245 -0.046982843 -0.873616278 -0.003699697 0.999981821 0.004758979 0.071533352 0.047000643 -0.004579864 0.998884380 38.044509888
0.998972118 0.005535648 -0.044989515 -0.910658002 -0.005454793 0.999983251 0.001919781 0.070474133 0.044999391 -0.001672400 0.998985589 38.694396973
0.999057353 0.006061229 -0.042984582 -0.942120314 -0.006084358 0.999981403 -0.000407264 0.081853375 0.042981312 0.000668414 0.999075651 39.347297668
0.999172688 0.007303569 -0.040007807 -0.966401875 -0.007295149 0.999973297 0.000356451 0.081781730 0.040009346 -0.000064293 0.999199331 40.001445770
0.999243259 0.012262349 -0.036912341 -0.999594867 -0.012158095 0.999921441 0.003047540 0.083027355 0.036946811 -0.002596450 0.999313831 40.629817963
0.999336958 0.016361332 -0.032525849 -1.034504414 -0.016148342 0.999846458 0.006800263 0.079979450 0.032632116 -0.006270516 0.999447763 41.242904663
0.999366522 0.021658413 -0.028239949 -1.061012030 -0.021447968 0.999740064 0.007733803 0.084089294 0.028400108 -0.007123214 0.999571264 41.848594666
0.999423027 0.024605135 -0.023413910 -1.069896460 -0.024427528 0.999670863 0.007841613 0.089761846 0.023599146 -0.007265145 0.999695122 42.442394257
0.999426901 0.028748978 -0.017870637 -1.078535676 -0.028579615 0.999544799 0.009661376 0.098767191 0.018140258 -0.009145102 0.999793649 43.050628662
0.999366641 0.033695478 -0.011443204 -1.088998556 -0.033574600 0.999380052 0.010596216 0.105745547 0.011793154 -0.010205303 0.999878407 43.598781586
0.999319613 0.036642328 -0.004203903 -1.096852899 -0.036596879 0.999275744 0.010421391 0.104451597 0.004582723 -0.010260450 0.999936879 44.131240845
0.999195218 0.040014286 0.002795425 -1.095789671 -0.040041447 0.999143362 0.010451239 0.106072068 -0.002374831 -0.010554761 0.999941468 44.652290344
0.998985052 0.043873366 0.010198630 -1.093562961 -0.043973330 0.998984694 0.009793183 0.112382174 -0.009758617 -0.010231711 0.999900043 45.139259338
0.998652279 0.048579540 0.018264862 -1.101046801 -0.048721585 0.998784900 0.007413839 0.111899175 -0.017882507 -0.008293740 0.999805689 45.617042542
0.998357594 0.050878707 0.026333209 -1.094600201 -0.051008139 0.998689115 0.004266612 0.114792719 -0.026081609 -0.005602812 0.999644101 46.056827545
0.998101115 0.051218241 0.034218103 -1.078436255 -0.051383220 0.998671174 0.003958935 0.118079349 -0.033969861 -0.005709654 0.999406576 46.487205505
0.997882247 0.050112966 0.041469838 -1.042978644 -0.050377104 0.998715937 0.005348369 0.118080765 -0.041148566 -0.007426172 0.999125421 46.887458801
0.997396588 0.052028429 0.049930450 -1.031359196 -0.052398499 0.998607457 0.006130734 0.116517529 -0.049541947 -0.008731054 0.998733878 47.284210205
0.996772647 0.054876391 0.058590420 -1.008505583 -0.055331476 0.998448968 0.006172173 0.119700462 -0.058160838 -0.009394147 0.998263001 47.638542175
0.995958626 0.059602600 0.067186333 -0.985501289 -0.060117781 0.998175204 0.005670560 0.118335344 -0.066725753 -0.009686736 0.997724354 47.959739685
0.995072424 0.063452497 0.076188289 -0.965239584 -0.064066596 0.997929692 0.005641003 0.118991740 -0.075672619 -0.010494331 0.997077465 48.267219543
0.994347513 0.062774248 0.085629612 -0.937548041 -0.063553043 0.997957945 0.006396709 0.115894854 -0.085053205 -0.011802574 0.996306479 48.545078278
0.993449569 0.061545033 0.096281998 -0.899722278 -0.062262777 0.998049796 0.004465218 0.116837919 -0.095819421 -0.010430753 0.995344102 48.819858551
0.992325902 0.060150813 0.108033240 -0.864926696 -0.060524724 0.998166680 0.000182488 0.110828727 -0.107824206 -0.006719769 0.994147241 49.072601318
0.990728676 0.061255284 0.121262245 -0.823405027 -0.061215896 0.998116314 -0.004053654 0.113568872 -0.121282130 -0.003407106 0.992612243 49.343593597
0.988611698 0.062896699 0.136714786 -0.780826688 -0.062633812 0.998017132 -0.006228022 0.109938830 -0.136835426 -0.002405873 0.990590870 49.598052979
0.986122429 0.064666681 0.152907863 -0.733951747 -0.064281128 0.997903883 -0.007469015 0.106778398 -0.153070346 -0.002463726 0.988212228 49.853153229
0.983269215 0.065322742 0.170043007 -0.684769392 -0.064794391 0.997861028 -0.008660693 0.106503367 -0.170245036 -0.002502040 0.985398591 50.106880188
0.980049729 0.064397104 0.188030586 -0.622922838 -0.063675694 0.997921705 -0.009880980 0.103341579 -0.188276112 -0.002289124 0.982113481 50.357624054
0.976144075 0.063590482 0.207602859 -0.557880044 -0.062839277 0.997971356 -0.010218024 0.101069033 -0.207831472 -0.003071348 0.978159845 50.612091064
0.971694827 0.063579813 0.227523074 -0.483693928 -0.062657297 0.997971296 -0.011282637 0.094725490 -0.227778852 -0.003292699 0.973707318 50.845653534
0.966353774 0.066126503 0.248571351 -0.406608999 -0.064760111 0.997807086 -0.013679436 0.095734984 -0.248930827 -0.002878332 0.968517005 51.082061768
0.960180998 0.067064650 0.271209896 -0.316248596 -0.065266125 0.997745037 -0.015656235 0.087731749 -0.271648318 -0.002668001 0.962392867 51.321853638
0.952913225 0.068245463 0.295463860 -0.228209198 -0.066215031 0.997662485 -0.016884500 0.084088027 -0.295925498 -0.003474684 0.955204725 51.564094543
0.944352984 0.071075149 0.321163237 -0.131725609 -0.069010913 0.997456729 -0.017821867 0.078442276 -0.321613103 -0.005333633 0.946856141 51.799625397
0.934526324 0.073148265 0.348295689 -0.019602180 -0.071051508 0.997295320 -0.018808493 0.069544911 -0.348729461 -0.007169899 0.937196016 52.042148590
0.923344016 0.073780268 0.376818746 0.099243402 -0.071425952 0.997240603 -0.020237712 0.062642992 -0.377272099 -0.008228264 0.926065922 52.277599335
0.910777926 0.071775846 0.406610191 0.241214752 -0.068625644 0.997392178 -0.022345608 0.053360224 -0.407153696 -0.007551996 0.913328469 52.519039154
0.895841777 0.069312900 0.438934207 0.386343360 -0.064881623 0.997577012 -0.025109190 0.048050821 -0.439611077 -0.005984899 0.898168325 52.749057770
0.878661394 0.068333231 0.472530186 0.552015305 -0.061801363 0.997656703 -0.029353974 0.038310111 -0.473428756 -0.003410798 0.880825520 52.973827362
0.859121263 0.070267066 0.506925285 0.707698822 -0.061289269 0.997527063 -0.034400318 0.029501677 -0.508088887 -0.001515034 0.861303329 53.186256409
0.837284207 0.072100863 0.541993260 0.890609980 -0.060705788 0.997397304 -0.038903091 0.020509839 -0.543387592 -0.000329182 0.839481890 53.411003113
0.812612176 0.075017892 0.577956676 1.089038849 -0.061766751 0.997181594 -0.042588066 0.009962916 -0.579522610 -0.001090916 0.814955473 53.642051697
0.785149097 0.078840733 0.614267945 1.298255920 -0.064528957 0.996879458 -0.045468520 -0.003487825 -0.615935862 -0.003938492 0.787786484 53.873180389
0.755226135 0.083239764 0.650157392 1.523621559 -0.068272099 0.996497989 -0.048276592 -0.019575715 -0.651899099 -0.007927854 0.758264303 54.102043152
0.722232044 0.084213719 0.686504841 1.783577919 -0.067711338 0.996400952 -0.050993562 -0.036882997 -0.688328445 -0.009654973 0.725334883 54.335559845
0.685604811 0.081291437 0.723420858 2.058484077 -0.063688464 0.996633232 -0.051633324 -0.060838461 -0.725182593 -0.010673508 0.688473821 54.554019928
0.646542549 0.080356345 0.758633971 2.359967232 -0.061204985 0.996695161 -0.053410668 -0.076508403 -0.760418713 -0.011899907 0.649324059 54.766967773
0.604123712 0.079765365 0.792888403 2.695904732 -0.059081893 0.996722758 -0.055255160 -0.095701456 -0.794697344 -0.013464391 0.606856525 54.984935760
0.557883978 0.079753019 0.826078057 3.056764603 -0.055525575 0.996728539 -0.058729656 -0.112241030 -0.828059375 -0.013104126 0.560487151 55.196395874
0.509043097 0.078660429 0.857139230 3.432224274 -0.052660804 0.996796131 -0.060202345 -0.138903499 -0.859128594 -0.014492050 0.511554480 55.397300720
0.460584760 0.076818630 0.884285450 3.853160858 -0.050456565 0.996902943 -0.060321245 -0.160419226 -0.886180580 -0.016834950 0.463034272 55.580909729
0.410855055 0.074519746 0.908650160 4.290330887 -0.049810711 0.997000098 -0.059243057 -0.183445215 -0.910339057 -0.020920193 0.413334370 55.751911163
0.360360682 0.074348882 0.929845452 4.751836777 -0.052811652 0.996845841 -0.059239022 -0.203791499 -0.931316972 -0.027759254 0.363150537 55.915782928
0.311164320 0.074874960 0.947402000 5.210416794 -0.051340118 0.996760190 -0.061913710 -0.227413774 -0.948968351 -0.029374395 0.314000249 56.041000366
0.264327109 0.071064807 0.961811304 5.690429688 -0.040324166 0.997223794 -0.062599331 -0.265859246 -0.963589728 -0.022237539 0.266458869 56.123691559
0.220387936 0.065849647 0.973187089 6.208984375 -0.026241688 0.997757792 -0.061569501 -0.280639768 -0.975059330 -0.011968891 0.221621752 56.196010590
0.178098917 0.064504847 0.981896102 6.731464386 -0.017921094 0.997896194 -0.062305387 -0.318059683 -0.983849406 -0.006500130 0.178880215 56.258842468
0.139477134 0.066286482 0.988004208 7.244186401 -0.014517638 0.997786582 -0.064893335 -0.337012887 -0.990118861 -0.005292348 0.140130699 56.307094574
0.106664658 0.066958874 0.992037952 7.788387299 -0.005655963 0.997754574 -0.066736594 -0.370186567 -0.994279027 0.001507516 0.106803894 56.340888977
0.077959001 0.065151729 0.994825482 8.347415924 0.001599699 0.997852921 -0.065475360 -0.406231284 -0.996955335 0.006695820 0.077687383 56.356594086
0.052948833 0.063311175 0.996588349 8.923637390 0.008215131 0.997926772 -0.063832685 -0.443624616 -0.998563528 0.011566978 0.052318931 56.370193481
0.033017337 0.062653214 0.997489154 9.487850189 0.012872500 0.997923791 -0.063106611 -0.465518594 -0.999372005 0.014923796 0.032142282 56.364231110
0.017058671 0.064509131 0.997771502 10.076335907 0.015814533 0.997774243 -0.064779706 -0.491155386 -0.999729633 0.016884353 0.016000509 56.366371155
0.003677070 0.064198226 0.997930467 10.664466858 0.016501889 0.997797370 -0.064250477 -0.525779724 -0.999857128 0.016703989 0.002609551 56.360179901
-0.007827282 0.065043546 0.997851789 11.281719208 0.017445311 0.997739315 -0.064899378 -0.562605619 -0.999817252 0.016899852 -0.008944273 56.350784302
-0.017044902 0.067934245 0.997544289 11.914581299 0.022223771 0.997468412 -0.067549348 -0.601254702 -0.999607801 0.021017827 -0.018511534 56.328742981
-0.023581147 0.069574662 0.997298121 12.536083221 0.026163224 0.997276664 -0.068954550 -0.637779713 -0.999379635 0.024466516 -0.025337219 56.302146912
-0.028142214 0.069165550 0.997208357 13.182781219 0.026797753 0.997296929 -0.068415456 -0.671224833 -0.999244809 0.024797583 -0.029919624 56.287822723
-0.031877160 0.066410050 0.997283161 13.840831757 0.024834622 0.997534752 -0.065632999 -0.703825235 -0.999183297 0.022674959 -0.033447862 56.270114899
-0.034404874 0.059541035 0.997632921 14.544540405 0.022478772 0.998017311 -0.058788773 -0.745269418 -0.999155283 0.020402944 -0.035675168 56.250186920
-0.035656810 0.054236669 0.997891426 15.232341766 0.023927119 0.998286307 -0.053403176 -0.775065541 -0.999077797 0.021972481 -0.036893368 56.226600647
-0.036131978 0.051269174 0.998031199 15.916198730 0.026057014 0.998391926 -0.050344367 -0.813963056 -0.999007404 0.024186675 -0.037409782 56.199523926
-0.036082864 0.053485814 0.997916579 16.627735138 0.029731873 0.998182178 -0.052425008 -0.853579402 -0.998906553 0.027778286 -0.037607431 56.175857544
-0.034463406 0.060920157 0.997547626 17.340770721 0.030968256 0.997726202 -0.059861179 -0.883322239 -0.998926163 0.028829297 -0.036271572 56.135108948
-0.033011675 0.069170594 0.997058451 18.065082550 0.031102624 0.997190177 -0.068149947 -0.919393778 -0.998970866 0.028761396 -0.035070300 56.119400024
-0.031089544 0.069724806 0.997081697 18.782054901 0.031940375 0.997123718 -0.068731830 -0.955649137 -0.999006152 0.029710326 -0.033227205 56.103134155
-0.028801084 0.065469466 0.997438848 19.527740479 0.031383626 0.997420073 -0.064562030 -0.997109175 -0.999092340 0.029443787 -0.030781388 56.082733154
-0.026358604 0.058901202 0.997915804 20.267650604 0.030929442 0.997832716 -0.058079343 -1.041220546 -0.999173999 0.029334094 -0.028123260 56.066062927
-0.023352027 0.056877542 0.998108149 21.022056580 0.029397544 0.997987628 -0.056182891 -1.090829015 -0.999295056 0.028029947 -0.024977088 56.057968140
-0.019977093 0.062438425 0.997848988 21.786846161 0.036768634 0.997418761 -0.061675407 -1.134387493 -0.999124229 0.035457458 -0.022221208 56.027324677
-0.016697288 0.067795403 0.997559726 22.523456573 0.038565960 0.996999860 -0.067111850 -1.176222801 -0.999116719 0.037351266 -0.019261837 56.011390686
-0.014437199 0.068689190 0.997533679 23.259262085 0.032432999 0.997144818 -0.068193018 -1.212230206 -0.999369681 0.031368490 -0.016623855 56.017021179
-0.010929465 0.065010905 0.997824728 24.014816284 0.028406007 0.997501731 -0.064678729 -1.258028746 -0.999536753 0.027637316 -0.012748837 56.020702362
-0.006569624 0.061263599 0.998100042 24.794237137 0.032017067 0.997622669 -0.061023563 -1.312790513 -0.999465764 0.031555340 -0.008515477 56.011081696
-0.002949238 0.062104583 0.998065412 25.537384033 0.036537930 0.997409880 -0.061955839 -1.361178875 -0.999328077 0.036284529 -0.005210757 56.006164551
-0.000345588 0.066763788 0.997768760 26.277654648 0.036377952 0.997109234 -0.066707052 -1.403332710 -0.999338031 0.036273729 -0.002773285 56.008712769
0.004040182 0.067858040 0.997686982 27.032190323 0.032510608 0.997158647 -0.067953773 -1.441728354 -0.999463379 0.032709967 0.001822591 56.011032104
0.007217944 0.067091078 0.997720778 27.799606323 0.032153320 0.997215271 -0.067289703 -1.496969461 -0.999456882 0.032565732 0.005040646 56.030876160
0.010432303 0.064049803 0.997892320 28.547008514 0.035933230 0.997277915 -0.064386047 -1.543635488 -0.999299884 0.036529195 0.008102417 56.045135498
0.013723373 0.064300127 0.997836411 29.293916702 0.040456165 0.997077346 -0.064807639 -1.596226454 -0.999087274 0.041258022 0.011081934 56.063758850
0.017172158 0.065234654 0.997722328 30.057832718 0.043250244 0.996886849 -0.065924443 -1.645563841 -0.998916864 0.044283807 0.014297307 56.081985474
0.020434260 0.065084979 0.997670591 30.821496964 0.043857291 0.996859908 -0.065930396 -1.691554785 -0.998828888 0.045102373 0.017515659 56.081268311
0.024048448 0.063552484 0.997688770 31.576021194 0.045179844 0.996888578 -0.064590544 -1.736441374 -0.998689413 0.046628729 0.021102369 56.102928162
0.027341902 0.062835917 0.997649252 32.334526062 0.047288392 0.996823728 -0.064079925 -1.777122855 -0.998506963 0.048929296 0.024283648 56.131755829
0.030178189 0.062910691 0.997562945 33.097145081 0.045437250 0.996899307 -0.064243421 -1.829131842 -0.998511374 0.047265269 0.027226150 56.156196594
0.033568501 0.064763971 0.997335970 33.873138428 0.042847794 0.996887505 -0.066177048 -1.870161891 -0.998517632 0.044955119 0.030689061 56.190460205
0.036520898 0.064534903 0.997246981 34.623229980 0.044402558 0.996822357 -0.066133521 -1.922008872 -0.998345971 0.046695571 0.033539355 56.202350616
0.039379597 0.064461969 0.997142911 35.384929657 0.042126533 0.996922612 -0.066111416 -1.963156343 -0.998335958 0.044609621 0.036542833 56.239002228
0.041724682 0.064736098 0.997029781 36.151161194 0.040588032 0.996965170 -0.066430479 -2.008479118 -0.998304427 0.043239269 0.038970530 56.278053284
0.044675231 0.064854249 0.996894300 36.922409058 0.037949413 0.997060120 -0.066565722 -2.055620670 -0.998280585 0.040805392 0.042082727 56.318107605
0.047574401 0.066729419 0.996636391 37.690471649 0.036757525 0.996973276 -0.068506613 -2.101939201 -0.998191297 0.039893053 0.044977605 56.367427826
0.050610363 0.070610844 0.996219218 38.470214844 0.034588594 0.996775210 -0.072407432 -2.152916193 -0.998119354 0.038122389 0.048004866 56.406047821
0.054731429 0.072632000 0.995855987 39.243202209 0.034672730 0.996611118 -0.074592665 -2.204812288 -0.997898996 0.038611613 0.052027643 56.441822052
0.057141602 0.074686565 0.995568633 40.014152527 0.028997777 0.996653020 -0.076432280 -2.256675720 -0.997944951 0.033236746 0.054784656 56.503688812
0.059702873 0.073697656 0.995491982 40.791282654 0.025034968 0.996846676 -0.075299382 -2.312998772 -0.997902215 0.029417703 0.057669580 56.563533783
0.063054264 0.074286669 0.995241523 41.568080902 0.027698040 0.996711493 -0.076151222 -2.364212990 -0.997625709 0.032367900 0.060789287 56.622962952
0.066878259 0.075482033 0.994901896 42.358856201 0.026654014 0.996643305 -0.077405863 -2.423478127 -0.997405052 0.031694897 0.064641893 56.675312042
0.071153343 0.076865584 0.994499445 43.144851685 0.022982791 0.996635377 -0.078675032 -2.470425129 -0.997200668 0.028454371 0.069147348 56.734573364
0.075234413 0.074505322 0.994378626 43.934669495 0.022080783 0.996835768 -0.076360062 -2.526040792 -0.996921480 0.027701570 0.073351204 56.802665710
0.079270422 0.074572898 0.994059980 44.729385376 0.022194192 0.996818721 -0.076549716 -2.589390993 -0.996606112 0.028130490 0.077363133 56.882343292
0.084290743 0.078089722 0.993376732 45.512073517 0.018027155 0.996641755 -0.079876058 -2.648400307 -0.996278226 0.024640573 0.082599938 56.952106476
0.089955270 0.086751617 0.992160499 46.305896759 0.015942845 0.995946109 -0.088528112 -2.708360910 -0.995818317 0.023781439 0.088207543 57.039371490
0.097354889 0.091535114 0.991031587 47.103610992 0.014654025 0.995521784 -0.093389414 -2.768682003 -0.995141983 0.023614524 0.095577538 57.123973846
0.104300141 0.095085189 0.989990115 47.892780304 0.009323386 0.995281994 -0.096575722 -2.831825972 -0.994502246 0.019302931 0.102921546 57.224254608
0.111773491 0.092779458 0.989393234 48.713394165 0.006881715 0.995535851 -0.094132930 -2.902208328 -0.993710041 0.017330298 0.110635996 57.329238892
0.119370282 0.091015063 0.988669276 49.507255554 0.006243920 0.995700896 -0.092416264 -2.977322578 -0.992830157 0.017204929 0.118288815 57.410842896
0.126995146 0.087940805 0.987997353 50.319820404 0.006108541 0.995973825 -0.089435965 -3.037518978 -0.991884589 0.017393157 0.125946641 57.522052765
0.134350538 0.082048878 0.987531304 51.127357483 0.003590931 0.996519387 -0.083284192 -3.109927654 -0.990927458 0.014735433 0.133588254 57.635028839
0.140983999 0.074755512 0.987185538 51.936607361 0.001379637 0.997129261 -0.075705551 -3.167921305 -0.990010977 0.012035235 0.140476108 57.772480011
0.148438513 0.072024062 0.986295462 52.736713409 0.001817920 0.997322738 -0.073102929 -3.228301525 -0.988920033 0.012644298 0.147910178 57.900264740
0.156109393 0.074170269 0.984951138 53.544189453 0.001550837 0.997157037 -0.075335227 -3.285361290 -0.987738669 0.013288037 0.155550539 58.024295807
0.162224472 0.080686875 0.983449519 54.351100922 0.001641285 0.996627808 -0.082038827 -3.352038860 -0.986752570 0.014922826 0.161544979 58.148616791
0.167339921 0.084168918 0.982299864 55.135147095 0.000343551 0.996344030 -0.085430838 -3.410916328 -0.985899270 0.014633467 0.166699231 58.291858673
0.172413230 0.087150149 0.981161833 55.904785156 -0.000799867 0.996090472 -0.088335611 -3.471989870 -0.985024393 0.014445432 0.171808898 58.434249878
0.177635431 0.086642615 0.980274856 56.676635742 -0.003839904 0.996170104 -0.087351710 -3.543209791 -0.984088898 0.011752600 0.177287817 58.579067230
0.183481812 0.083049662 0.979508579 57.437866211 0.000540159 0.996416152 -0.084584385 -3.612654686 -0.983022869 0.016048780 0.182779372 58.711688995
0.187280834 0.077023774 0.979282022 58.216186523 0.000887264 0.996907413 -0.078579754 -3.670352697 -0.982306063 0.015585373 0.186633348 58.872436523
0.190434277 0.070772320 0.979145706 58.964920044 -0.000742803 0.997408092 -0.071947865 -3.728175402 -0.981699765 0.012974037 0.189993262 59.025222778
0.193734407 0.067310654 0.978742182 59.703117371 -0.004164238 0.997690976 -0.067789525 -3.782814026 -0.981045187 0.009057445 0.193567336 59.182163239
0.196800709 0.067299053 0.978131115 60.428726196 -0.005910263 0.997704685 -0.067456648 -3.837601185 -0.980425775 0.007494512 0.196746767 59.337265015
0.198963523 0.069635637 0.977529883 61.152320862 -0.008283154 0.997556150 -0.069376320 -3.885562897 -0.979972005 0.005706333 0.199054062 59.492378235
0.200441122 0.074316129 0.976883113 61.859794617 -0.013053231 0.997232914 -0.073185921 -3.936656713 -0.979618907 0.001917998 0.200856566 59.649742126
0.202824235 0.078140311 0.976092398 62.554340363 -0.012717233 0.996937096 -0.077166475 -3.989893675 -0.979132593 0.003238037 0.203196704 59.791751862
0.204581678 0.083504498 0.975281179 63.235893250 -0.013240186 0.996499479 -0.082543872 -4.042186737 -0.978760004 0.003974068 0.204971194 59.945747375
0.206155777 0.085512534 0.974775672 63.913192749 -0.012643192 0.996323824 -0.084728941 -4.095156193 -0.978437603 0.005143092 0.206479073 60.092128754
0.207925737 0.085499287 0.974400759 64.589027405 -0.015333821 0.996334970 -0.084151857 -4.149251461 -0.978024483 0.002556056 0.208474696 60.242080688
0.208536685 0.082423590 0.974535227 65.260726929 -0.015019491 0.996594787 -0.081075378 -4.206578255 -0.977899253 0.002270171 0.209064543 60.392448425
0.209250867 0.080013953 0.974583030 65.922172546 -0.015534634 0.996792912 -0.078501999 -4.265549183 -0.977738678 0.001286828 0.209822714 60.542266846
0.208831191 0.078716896 0.974778593 66.576263428 -0.013437138 0.996892154 -0.077623956 -4.311912537 -0.977859437 0.003112077 0.209239900 60.688381195
0.207454145 0.077976756 0.975132108 67.215820312 -0.013212434 0.996950448 -0.076910600 -4.358154297 -0.978155673 0.003071563 0.207851768 60.826988220
0.205361009 0.078679949 0.975518584 67.835632324 -0.014704087 0.996898770 -0.077308938 -4.411606312 -0.978575945 0.001532146 0.205881059 60.965671539
0.203084409 0.081321217 0.975778461 68.448486328 -0.015465853 0.996687293 -0.079844922 -4.463794708 -0.979039073 0.001124013 0.203669369 61.096637726
0.201327622 0.085106559 0.975819767 69.049774170 -0.013811736 0.996365905 -0.084048919 -4.518328667 -0.979426622 0.003443614 0.201771438 61.211338043
0.199672103 0.086310044 0.976054132 69.675918579 -0.011319227 0.996249795 -0.085780315 -4.558423996 -0.979797423 0.006079763 0.199900270 61.346733093
0.197502255 0.085286215 0.976585507 70.265167236 -0.012339980 0.996345699 -0.084516294 -4.604115486 -0.980224848 0.004641123 0.197832942 61.467453003
0.195214450 0.082370549 0.977295518 70.851226807 -0.012499327 0.996594906 -0.081500456 -4.650632858 -0.980681002 0.003694534 0.195579290 61.584136963
0.193082750 0.078312807 0.978052318 71.431854248 -0.012522900 0.996925235 -0.077351756 -4.705503941 -0.981102645 0.002687248 0.193469763 61.700164795
0.191292346 0.077310964 0.978483677 71.997932434 -0.008359683 0.996985316 -0.077138491 -4.750924587 -0.981497526 0.006576196 0.191361964 61.803657532
0.189687967 0.078631006 0.978690743 72.551742554 -0.004630214 0.996848583 -0.079192437 -4.793926716 -0.981833458 0.010490301 0.189454257 61.903587341
0.186809123 0.080784746 0.979069114 73.106796265 -0.000643145 0.996623039 -0.082110450 -4.835270882 -0.982396126 0.014709302 0.186230242 62.014312744
0.185318112 0.082857542 0.979179204 73.654129028 -0.000840352 0.996451914 -0.084160104 -4.871575832 -0.982678294 0.014773543 0.184730232 62.117286682
0.183895946 0.085377321 0.979230940 74.202514648 -0.001163243 0.996238828 -0.086641766 -4.915246964 -0.982945144 0.014793994 0.183303595 62.223472595
0.182894528 0.083773486 0.979556978 74.766067505 0.000753298 0.996350706 -0.085350379 -4.961386681 -0.983132362 0.016348027 0.182163954 62.333969116
0.183784604 0.082206912 0.979523003 75.329040527 0.006204609 0.996379912 -0.084785789 -5.007551670 -0.982946992 0.021659883 0.182609200 62.413673401
0.185821176 0.080542594 0.979276896 75.884780884 0.011085780 0.996399522 -0.084054433 -5.045035839 -0.982520938 0.026475139 0.184259236 62.513053894
0.187780678 0.079982176 0.978949130 76.444198608 0.013878882 0.996363401 -0.084067196 -5.088241577 -0.982113004 0.029372921 0.185987711 62.621032715
0.191208541 0.079985216 0.978285074 77.005302429 0.011319668 0.996428311 -0.083681084 -5.129132271 -0.981484175 0.027074404 0.189620197 62.736930847
0.196682692 0.080506153 0.977156460 77.564849854 0.010154174 0.996402562 -0.084135644 -5.178203106 -0.980414629 0.026470244 0.195157707 62.857864380
0.203323483 0.079208098 0.975902498 78.130142212 0.011458454 0.996461630 -0.083264068 -5.220429420 -0.979044557 0.028111869 0.201696455 62.972770691
0.211814940 0.079747140 0.974050760 78.716087341 0.008795856 0.996469378 -0.083495326 -5.263784409 -0.977270246 0.026253175 0.210365653 63.089851379
0.218908548 0.077527709 0.972660482 79.268997192 0.009644850 0.996617854 -0.081607953 -5.302228928 -0.975697696 0.027245842 0.217420399 63.245002747
0.227744043 0.077175789 0.970657825 79.848602295 0.006170894 0.996719658 -0.080695800 -5.349290371 -0.973701477 0.024367811 0.226520717 63.393692017
0.236904323 0.076836780 0.968489826 80.430755615 0.005006216 0.996757865 -0.080304056 -5.396017075 -0.971520126 0.023872849 0.235751569 63.554672241
0.246960104 0.080573782 0.965670049 81.027076721 -0.000389934 0.996545315 -0.083050236 -5.440883636 -0.969025612 0.020133551 0.246138334 63.712829590
0.256423414 0.083118595 0.962984085 81.630020142 -0.004110049 0.996380448 -0.084906735 -5.481392384 -0.966555834 0.017814169 0.255836904 63.889396667
0.267355144 0.085702211 0.959779322 82.235549927 -0.007540806 0.996192575 -0.086853124 -5.527143478 -0.963568568 0.015983123 0.266983449 64.068893433
0.277575016 0.087686941 0.956693947 82.854721069 -0.009246140 0.996023536 -0.088609084 -5.576714039 -0.960659564 0.015749954 0.277282000 64.257446289
0.286977649 0.088552430 0.953835547 83.473800659 -0.012431735 0.995978594 -0.088724621 -5.625837803 -0.957856596 0.013604157 0.286924481 64.463546753
0.297726214 0.088845953 0.950508058 84.111259460 -0.013261200 0.995948732 -0.088939607 -5.678507805 -0.954559207 0.013874783 0.297698259 64.663261414
0.307584405 0.089762293 0.947277427 84.751434326 -0.017349187 0.995904028 -0.088736713 -5.726854324 -0.951362610 0.010859532 0.307881832 64.890968323
0.318470538 0.085124627 0.944102943 85.405319214 -0.017200457 0.996314764 -0.084030122 -5.773654461 -0.947776735 0.010522112 0.318761051 65.111999512
0.329223275 0.077916391 0.941031992 86.073516846 -0.013256182 0.996872842 -0.077902235 -5.823613644 -0.944159150 0.013172744 0.329226613 65.349502563
0.340056777 0.073590398 0.937521100 86.750778198 -0.011765740 0.997188389 -0.074006304 -5.873550415 -0.940331280 0.014135713 0.339966476 65.603340149
0.350470245 0.070737727 0.933898807 87.438774109 -0.013073720 0.997416019 -0.070642553 -5.921464443 -0.936482728 0.012548588 0.350489438 65.865592957
0.359868050 0.068552926 0.930481315 88.134834290 -0.007034220 0.997468054 -0.070767634 -5.963477612 -0.932976663 0.018921800 0.359439075 66.137710571
0.368392646 0.063048251 0.927529991 88.840576172 -0.000275508 0.997705102 -0.067708932 -6.004462719 -0.929670274 0.024687929 0.367564619 66.416145325
0.375260770 0.054011166 0.925344467 89.554595947 0.008912049 0.998044491 -0.061868746 -6.044606209 -0.926876545 0.031463630 0.374045610 66.699264526
0.382355571 0.049296081 0.922699392 90.278564453 0.014469795 0.998134017 -0.059322361 -6.090176105 -0.923901975 0.036033507 0.380928755 66.993934631
0.389669120 0.049204592 0.919639528 90.987869263 0.016357157 0.998044431 -0.060330432 -6.140235901 -0.920809627 0.038551599 0.388102293 67.297492981
0.397224844 0.055579558 0.916036785 91.712524414 0.018699897 0.997466981 -0.068629168 -6.177886963 -0.917530835 0.044391006 0.395179331 67.615013123
0.404289663 0.059704524 0.912680268 92.413284302 0.022676239 0.996906161 -0.075259194 -6.224908829 -0.914349854 0.051122669 0.401684940 67.916130066
0.409600019 0.061778631 0.910171032 93.119552612 0.020748017 0.996815443 -0.076996833 -6.278208733 -0.912029266 0.050422151 0.407013834 68.240272522
0.413869619 0.063363127 0.908128381 93.815811157 0.013484125 0.997038543 -0.075711936 -6.336899757 -0.910236359 0.043580189 0.411789596 68.576652527
0.417486966 0.067282535 0.906188607 94.502510071 0.006574519 0.997005224 -0.077054396 -6.392428398 -0.908659220 0.038126960 0.415794313 68.917747498
0.422170579 0.070166826 0.903796852 95.214538574 0.006192552 0.996753454 -0.080276161 -6.452285290 -0.906495333 0.039487045 0.420365453 69.245765686
0.425970495 0.074591205 0.901657045 95.889236450 0.002686753 0.996486902 -0.083705485 -6.509722710 -0.904733121 0.038078599 0.424273610 69.577720642
0.429490268 0.077401377 0.899748445 96.550323486 -0.000156129 0.996326566 -0.085635051 -6.568719864 -0.903071523 0.036638945 0.427924693 69.901679993
0.433272481 0.076018065 0.898051441 97.211486816 -0.001190618 0.996483922 -0.083775751 -6.626042843 -0.901262343 0.035228498 0.431839585 70.237319946
0.437590718 0.072627023 0.896236479 97.873382568 -0.000310452 0.996744871 -0.080620199 -6.692084312 -0.899174273 0.035000414 0.436188817 70.556785583
0.440692186 0.070017003 0.894923449 98.492050171 -0.000936185 0.996988714 -0.077541366 -6.746722698 -0.897657752 0.033334062 0.439430654 70.865211487
0.444295585 0.069202639 0.893203557 99.124580383 -0.002007204 0.997086525 -0.076252766 -6.801785469 -0.895878077 0.032085929 0.443140030 71.189346313
0.447726905 0.070677228 0.891372740 99.741790771 -0.003886421 0.997015655 -0.077101581 -6.855073929 -0.894161880 0.031056201 0.446665406 71.505874634
0.450246215 0.070938669 0.890082121 100.345123291 -0.003212052 0.996961296 -0.077832036 -6.913737774 -0.892898738 0.032184597 0.449105918 71.817817688
0.452284038 0.069303237 0.889177263 100.944381714 -0.001518730 0.997034788 -0.076937243 -6.966001034 -0.891872704 0.033447072 0.451048195 72.127891541
0.454306722 0.068098940 0.888238668 101.528846741 -0.000000835 0.997074008 -0.076442637 -7.022896290 -0.890845299 0.034727663 0.452977479 72.410224915
0.456253290 0.068022616 0.887246251 102.126693726 -0.000185398 0.997081220 -0.076348007 -7.060786724 -0.889849961 0.034669533 0.454934180 72.727325439
0.458375990 0.067520380 0.886189878 102.708404541 0.001210317 0.997061610 -0.076593928 -7.108393669 -0.888757527 0.036181387 0.456947386 73.028991699
0.460987985 0.069222741 0.884702384 103.272125244 0.000549080 0.996930480 -0.078290038 -7.155553341 -0.887406230 0.036576539 0.459534943 73.323677063
0.463767648 0.068976417 0.883267760 103.833328247 0.003498427 0.996814311 -0.079680420 -7.210253239 -0.885950029 0.040043257 0.462048948 73.624580383
0.466593087 0.068787716 0.881793261 104.379844666 0.005079660 0.996746302 -0.080442943 -7.255468369 -0.884457588 0.042013336 0.464725494 73.921958923
0.469363272 0.066790737 0.880475521 104.918983459 0.008330047 0.996755898 -0.080052063 -7.306952477 -0.882965863 0.044907898 0.467284203 74.233131409
0.473280966 0.066073753 0.878430128 105.427764893 0.008908466 0.996773064 -0.079774991 -7.352066994 -0.880866528 0.045581453 0.471165121 74.464965820
0.476413786 0.065735608 0.876760423 105.947608948 0.010073412 0.996727586 -0.080203906 -7.395825386 -0.879163563 0.047042217 0.474192560 74.750663757
0.480206549 0.064910635 0.874750435 106.461860657 0.010571036 0.996757448 -0.079767257 -7.443177223 -0.877091765 0.047551785 0.477963328 75.029647827
0.483285606 0.064374864 0.873092711 106.967887878 0.012105294 0.996706128 -0.080189802 -7.490129948 -0.875379086 0.049323622 0.480914414 75.317581177
0.487153113 0.065430664 0.870862126 107.470619202 0.011508860 0.996621788 -0.081317365 -7.539449692 -0.873240888 0.049636640 0.484754384 75.598701477
0.491292775 0.065921970 0.868496299 107.966362000 0.013226987 0.996452034 -0.083116546 -7.583361626 -0.870894134 0.052322149 0.488677740 75.890403748
0.496526659 0.068945371 0.865279078 108.455101013 0.011823728 0.996210873 -0.086162880 -7.627081394 -0.867940962 0.053012997 0.493830085 76.163864136
0.502101660 0.074835643 0.861564577 108.939460754 0.008323242 0.995784581 -0.091344632 -7.672657013 -0.864768565 0.053035308 0.499362230 76.449356079
0.507802963 0.081967056 0.857564926 109.419052124 0.003220615 0.995275617 -0.097036682 -7.719617367 -0.861467242 0.052037410 0.505139947 76.751419067
0.513793349 0.087953381 0.853393614 109.902481079 -0.001888047 0.994844437 -0.101395033 -7.774750233 -0.857911944 0.050484851 0.511310458 77.065460205
0.519697249 0.092460766 0.849332631 110.376991272 -0.005652002 0.994476914 -0.104803205 -7.828924179 -0.854331851 0.049665511 0.517349482 77.379890442
0.525681734 0.092932433 0.845589936 110.869583130 -0.009704227 0.994605303 -0.103276730 -7.875435829 -0.850625992 0.046084899 0.523747683 77.686912537
0.530737162 0.092245668 0.842501521 111.368911743 -0.016779788 0.995008111 -0.098373160 -7.930718899 -0.847370327 0.038073301 0.529635668 78.023712158
0.536318421 0.089563608 0.839250207 111.866256714 -0.022799153 0.995528221 -0.091671713 -7.984391212 -0.843707740 0.030031040 0.535962164 78.366622925
0.542422354 0.088178098 0.835465491 112.370323181 -0.028846392 0.995844841 -0.086376727 -8.030483246 -0.839610517 0.022752509 0.542712152 78.709457397
0.548169494 0.086084515 0.831925333 112.879333496 -0.031746119 0.996113718 -0.082156077 -8.086274147 -0.835764647 0.018625068 0.548772037 79.070465088
0.554145873 0.089815497 0.827560008 113.396125793 -0.037224799 0.995841324 -0.083152905 -8.133064270 -0.831586838 0.015273087 0.555184722 79.443641663
0.560413003 0.093752146 0.822889924 113.915641785 -0.041124336 0.995496809 -0.085410386 -8.178942680 -0.827191651 0.014024297 0.561744869 79.815132141
0.566513121 0.097119406 0.818309724 114.437751770 -0.043949302 0.995178282 -0.087684743 -8.227039337 -0.822879970 0.013710422 0.568049908 80.192840576
0.572768450 0.099373661 0.813671410 114.973068237 -0.046456847 0.994964361 -0.088812552 -8.277258873 -0.818399668 0.013068419 0.574500799 80.575088501
