1.000000000 0.000000000 0.000000000 0.000000000 0.000000000 1.000000000 0.000000000 0.000000000 0.000000000 0.000000000 1.000000000 0.000000000
0.999991477 -0.002353349 -0.003391148 -0.003823037 0.002345686 0.999994695 -0.002261793 -0.003301088 0.003396453 0.002253819 0.999991715 0.666724265
0.999971986 -0.001039884 -0.007410624 -0.015377847 0.001013766 0.999993265 -0.003527226 -0.011432998 0.007414242 0.003519614 0.999966323 1.356261611
0.999934077 -0.001653435 -0.011361817 -0.040771984 0.001595845 0.999985814 -0.005075925 -0.009085539 0.011370051 0.005057458 0.999922574 2.110030890
0.999868035 -0.000180288 -0.016240144 -0.059595846 0.000086257 0.999983251 -0.005790557 -0.011257730 0.016240917 0.005788392 0.999851286 2.843542099
0.999789536 -0.000870228 -0.020496452 -0.080688857 0.000748203 0.999981999 -0.005960362 -0.021447644 0.020501271 0.005943771 0.999772191 3.583339453
0.999688864 0.000478163 -0.024944192 -0.107783847 -0.000662648 0.999972463 -0.007388167 -0.025168914 0.024939977 0.007402398 0.999661565 4.354095459
0.999551296 0.003150677 -0.029788978 -0.141673729 -0.003395987 0.999960721 -0.008187917 -0.029589193 0.029762013 0.008285405 0.999522686 5.120080948
0.999408722 0.003464792 -0.034206025 -0.174445286 -0.003692343 0.999971569 -0.006591461 -0.037674427 0.034182210 0.006713864 0.999393046 5.915527344
0.999248683 0.002911598 -0.038647119 -0.208936110 -0.003068952 0.999987304 -0.004012827 -0.043335214 0.038634948 0.004128419 0.999244809 6.714899540
0.999120176 0.002320091 -0.041872159 -0.251262099 -0.002363462 0.999996722 -0.000986331 -0.056966249 0.041869730 0.001084426 0.999122500 7.521815300
0.998997092 0.004012201 -0.044594418 -0.290975571 -0.004113757 0.999989092 -0.002185791 -0.062697820 0.044585168 0.002367050 0.999002695 8.340736389
0.998904109 0.003634590 -0.046661228 -0.337859929 -0.003746193 0.999990284 -0.002304545 -0.069616430 0.046652403 0.002476821 0.998908043 9.158605576
0.998822510 0.001197224 -0.048500136 -0.379354328 -0.001348285 0.999994397 -0.003082068 -0.075303428 0.048496172 0.003143830 0.998818338 9.987472534
0.998710632 0.000286551 -0.050763678 -0.415778250 -0.000397813 0.999997497 -0.002181668 -0.083513275 0.050762929 0.002199050 0.998708248 10.826968193
0.998634994 -0.001040464 -0.052221209 -0.462809056 0.000901567 0.999996066 -0.002683268 -0.090413496 0.052223787 0.002632525 0.998631954 11.671615601
0.998542309 0.001333099 -0.053957578 -0.517895639 -0.001591688 0.999987423 -0.004749777 -0.103050403 0.053950563 0.004828738 0.998531938 12.529752731
0.998479605 0.001382336 -0.055105291 -0.572658658 -0.001787087 0.999971926 -0.007296443 -0.115473107 0.055093657 0.007383827 0.998453915 13.390344620
0.998380780 0.005260378 -0.056640889 -0.635806799 -0.005777450 0.999943137 -0.008969086 -0.127564222 0.056590490 0.009281805 0.998354375 14.261725426
0.998295426 0.006533081 -0.057995617 -0.685793400 -0.007040734 0.999938548 -0.008553276 -0.140479311 0.057936184 0.008947029 0.998280168 15.140917778
0.998219848 0.005571148 -0.059381675 -0.742542982 -0.006016228 0.999955058 -0.007319110 -0.152580783 0.059338231 0.007663333 0.998208463 16.033531189
0.998129845 0.006428701 -0.060791235 -0.801755190 -0.006785318 0.999960840 -0.005661649 -0.167354956 0.060752466 0.006063547 0.998134434 16.926855087
0.998085022 0.005939276 -0.061571691 -0.861464322 -0.006294240 0.999964654 -0.005572704 -0.181541055 0.061536416 0.005949579 0.998087049 17.827951431
0.997979462 0.005875764 -0.063265525 -0.919364631 -0.006290331 0.999960005 -0.006355623 -0.195379242 0.063225664 0.006740742 0.997976542 18.732810974
0.997921586 0.004493182 -0.064282872 -0.985176742 -0.004935636 0.999965131 -0.006725778 -0.212376222 0.064250410 0.007029076 0.997909069 19.644950867
0.997888386 0.004268025 -0.064811274 -1.040931940 -0.004623841 0.999975026 -0.005341020 -0.221973032 0.064786866 0.005629418 0.997883260 20.550817490
0.997854948 0.005378124 -0.065242685 -1.100611329 -0.005526732 0.999982476 -0.002097498 -0.231795833 0.065230273 0.002453578 0.997867227 21.479478836
0.997916520 0.006304480 -0.064209275 -1.167319059 -0.006196440 0.999979079 0.001881610 -0.246970087 0.064219803 -0.001479821 0.997934759 22.395118713
0.998034179 0.004809828 -0.062487334 -1.225195289 -0.004515085 0.999978006 0.004857190 -0.256538242 0.062509328 -0.004565506 0.998033881 23.330694199
0.998131096 0.004991913 -0.060905300 -1.290346742 -0.004663899 0.999973834 0.005526609 -0.260883868 0.060931299 -0.005232224 0.998128235 24.268905640
0.998223245 0.005238512 -0.059354279 -1.350943565 -0.005095551 0.999983847 0.002559708 -0.265038788 0.059366725 -0.002252718 0.998233676 25.200538635
0.998278797 0.006462469 -0.058290042 -1.415767550 -0.006593262 0.999976158 -0.002051775 -0.278182477 0.058275394 0.002432564 0.998297572 26.150678635
0.998343945 0.005339056 -0.057278421 -1.462336302 -0.005609985 0.999973834 -0.004570259 -0.288847715 0.057252530 0.004884021 0.998347759 27.097362518
0.998400688 0.002455474 -0.056479812 -1.517348170 -0.002653416 0.999990642 -0.003429926 -0.299626470 0.056470856 0.003574304 0.998397827 28.052608490
0.998395979 0.001444582 -0.056597330 -1.573582530 -0.001372364 0.999998212 0.001314840 -0.309892595 0.056599129 -0.001235059 0.998396218 29.025325775
0.998355627 -0.002161099 -0.057283543 -1.631730437 0.002446333 0.999984980 0.004909689 -0.322230756 0.057272069 -0.005041750 0.998345912 29.999292374
0.998233974 -0.009634318 -0.058618560 -1.672204256 0.009888702 0.999942899 0.004051110 -0.327909440 0.058576185 -0.004623617 0.998272240 30.962903976
0.998126924 -0.011686305 -0.060050666 -1.728353858 0.011720224 0.999931335 0.000212651 -0.333746135 0.060044061 -0.000916059 0.998195291 31.937131882
0.998039782 -0.011794448 -0.061461467 -1.790097117 0.011590495 0.999926090 -0.003673862 -0.344284534 0.061500255 0.002954292 0.998102725 32.912681580
0.997914314 -0.010324342 -0.063722864 -1.857631087 0.010064088 0.999939680 -0.004403819 -0.353554726 0.063764483 0.003753322 0.997958004 33.896659851
0.997885048 -0.010208474 -0.064195700 -1.925588012 0.010023049 0.999944627 -0.003209828 -0.367463112 0.064224906 0.002559603 0.997932196 34.881801605
0.997837543 -0.007125689 -0.065341301 -2.002000570 0.007103472 0.999974608 -0.000572340 -0.377912372 0.065343723 0.000106952 0.997862875 35.870834351
0.997736871 -0.007093410 -0.066863112 -2.066051245 0.007175327 0.999973774 0.000985082 -0.392296553 0.066854365 -0.001462617 0.997761667 36.870571136
0.997679055 -0.005740270 -0.067849517 -2.137950897 0.006012108 0.999974668 0.003802976 -0.405706286 0.067825973 -0.004202069 0.997688293 37.848140717
0.997698486 -0.005736933 -0.067563236 -2.205473185 0.006201600 0.999958456 0.006669773 -0.415209323 0.067522168 -0.007073424 0.997692704 38.848552704
0.997657537 0.000274174 -0.068406008 -2.279011011 0.000336280 0.999960184 0.008912302 -0.420957804 0.068405725 -0.008914429 0.997617722 39.828636169
0.997666895 0.000703739 -0.068266399 -2.357514858 -0.000133080 0.999964952 0.008363479 -0.430078030 0.068269886 -0.008334881 0.997632027 40.813007355
0.997643292 0.000385915 -0.068612568 -2.415569067 0.000064419 0.999978423 0.006561097 -0.430045277 0.068613626 -0.006550054 0.997621834 41.817657471
0.997664452 0.002694223 -0.068252541 -2.500055313 -0.002405023 0.999987841 0.004319014 -0.435258389 0.068263337 -0.004144778 0.997658730 42.807312012
0.997592449 0.002515246 -0.069303289 -2.571525574 -0.002215730 0.999987900 0.004398354 -0.445240378 0.069313519 -0.004234207 0.997585952 43.789340973
0.997500181 0.000318246 -0.070663057 -2.636464357 0.000064866 0.999985456 0.005419307 -0.450664520 0.070663765 -0.005410344 0.997485518 44.772590637
0.997439802 0.000911246 -0.071505494 -2.710957527 -0.000449531 0.999979019 0.006472880 -0.460803837 0.071509898 -0.006424164 0.997419178 45.763072968
0.997432888 0.003571623 -0.071518630 -2.797270775 -0.003378122 0.999990344 0.002826374 -0.470867574 0.071528040 -0.002577521 0.997435272 46.734481812
0.997350216 0.003482451 -0.072666362 -2.858364820 -0.003571962 0.999993026 -0.001101885 -0.477556437 0.072662003 0.001358526 0.997355700 47.687896729
0.997297466 0.004491747 -0.073332034 -2.935824156 -0.004690620 0.999985754 -0.002539968 -0.484803855 0.073319577 0.002877076 0.997304380 48.658058167
0.997357726 0.003405485 -0.072566561 -3.028634548 -0.003319742 0.999993682 0.001302158 -0.504573047 0.072570525 -0.001057815 0.997362733 49.625076294
0.997274280 0.001410649 -0.073769979 -3.074688435 -0.001105576 0.999990582 0.004176145 -0.511998594 0.073775187 -0.004083205 0.997266471 50.586002350
0.997256637 -0.000399665 -0.074020438 -3.147200584 0.000776156 0.999986827 0.005057606 -0.524396062 0.074017443 -0.005101183 0.997243881 51.548305511
0.997240424 -0.003783981 -0.074142538 -3.223402262 0.004066478 0.999984980 0.003659605 -0.532480478 0.074127570 -0.003951005 0.997240901 52.499027252
0.997188926 -0.006723191 -0.074625194 -3.280590773 0.006921017 0.999973178 0.002392652 -0.541880310 0.074607104 -0.002902409 0.997208774 53.439437866
0.997122288 -0.008209531 -0.075363331 -3.355549574 0.008507976 0.999957204 0.003639897 -0.553305507 0.075330220 -0.004270612 0.997149467 54.384628296
0.996991456 -0.011361754 -0.076674692 -3.430454016 0.011970414 0.999900341 0.007483281 -0.556962252 0.076582022 -0.008378594 0.997028053 55.332912445
0.996923268 -0.012497314 -0.077381268 -3.493253708 0.013541248 0.999823928 0.012980776 -0.567523062 0.077205442 -0.013988673 0.996917069 56.284297943
0.996897459 -0.010685488 -0.077982694 -3.573718786 0.011900805 0.999814570 0.015136370 -0.567763746 0.077806503 -0.016017465 0.996839821 57.225891113
0.996769071 -0.009376715 -0.079772361 -3.644868374 0.010288257 0.999886274 0.011023450 -0.569938838 0.079659931 -0.011808552 0.996752203 58.171085358
0.996743739 -0.008264421 -0.080209583 -3.739013433 0.008593311 0.999955952 0.003756033 -0.579576612 0.080175005 -0.004433068 0.996770978 59.085601807
0.996650040 -0.005787965 -0.081579596 -3.808884144 0.005695536 0.999982834 -0.001365654 -0.590953648 0.081586115 0.000896440 0.996665895 59.989910126
0.996589005 -0.000823677 -0.082520597 -3.893897295 0.000733349 0.999999106 -0.001124907 -0.595976710 0.082521453 0.001060553 0.996588767 60.892318726
0.996483862 0.002038399 -0.083760224 -3.981559038 -0.001906253 0.999996841 0.001657617 -0.616906822 0.083763331 -0.001492120 0.996484637 61.790077209
0.996404111 0.004363211 -0.084615014 -4.055593491 -0.004095791 0.999986053 0.003333772 -0.631978810 0.084628373 -0.002975218 0.996408165 62.665256500
0.996301651 0.005278911 -0.085762411 -4.135562420 -0.005034612 0.999982595 0.003064595 -0.642606795 0.085777096 -0.002621480 0.996310949 63.532241821
0.996194661 0.007285528 -0.086850509 -4.221815109 -0.006952612 0.999967277 0.004135093 -0.656331301 0.086877793 -0.003515519 0.996212780 64.375282288
0.996035099 0.007798115 -0.088617779 -4.294923782 -0.007419533 0.999961913 0.004600666 -0.665973246 0.088650286 -0.003924923 0.996055067 65.222457886
0.995904565 0.007544780 -0.090095378 -4.370810032 -0.007116314 0.999961853 0.005075975 -0.674923658 0.090130232 -0.004414039 0.995920241 66.049201965
0.995810390 0.007389023 -0.091143236 -4.449443817 -0.006860388 0.999957740 0.006111960 -0.684002638 0.091184542 -0.005461076 0.995818973 66.856452942
0.995636642 0.010354392 -0.092738815 -4.526566029 -0.009593461 0.999916673 0.008647146 -0.689482331 0.092820607 -0.007719729 0.995652914 67.654167175
0.995518029 0.011813210 -0.093831331 -4.611337662 -0.010643505 0.999859393 0.012956752 -0.696837842 0.093971193 -0.011899987 0.995503724 68.448883057
0.995310664 0.015062405 -0.095549308 -4.694417477 -0.013711450 0.999796748 0.014779705 -0.702974975 0.095752500 -0.013400279 0.995314956 69.229240417
0.995181143 0.017887283 -0.096408471 -4.778947830 -0.016952991 0.999801099 0.010501474 -0.708899617 0.096577138 -0.008816457 0.995286465 69.969459534
0.995019615 0.017819649 -0.098073281 -4.848132133 -0.017575707 0.999839902 0.003350738 -0.719325066 0.098117292 -0.001610342 0.995173573 70.691162109
0.994882524 0.016807316 -0.099630080 -4.918712139 -0.017145511 0.999849737 -0.002539191 -0.725419402 0.099572428 0.004234405 0.995021284 71.396949768
0.994831920 0.017567765 -0.100004435 -4.992423534 -0.018034421 0.999830365 -0.003764208 -0.731726170 0.099921331 0.005548277 0.994979858 72.086883545
0.994713366 0.020247690 -0.100674480 -5.072495937 -0.020345991 0.999792993 0.000050321 -0.747547328 0.100654654 0.001998268 0.994919360 72.763954163
0.994572937 0.020661401 -0.101969786 -5.147867203 -0.020547528 0.999786496 0.002167063 -0.761480033 0.101992786 -0.000060075 0.994785130 73.420921326
0.994526863 0.017268769 -0.103043936 -5.208043098 -0.017465794 0.999846935 -0.001010028 -0.774552286 0.103010722 0.002804244 0.994676232 74.042274475
0.994612217 0.009036737 -0.103270806 -5.255863190 -0.009719576 0.999934018 -0.006110817 -0.791313887 0.103208765 0.007081642 0.994634449 74.658683777
0.994734824 0.005000159 -0.102360956 -5.308403492 -0.006148688 0.999921620 -0.010907934 -0.799390078 0.102298386 0.011479887 0.994687498 75.252609253
0.995062768 0.007119121 -0.098992512 -5.376813412 -0.008260873 0.999903858 -0.011128596 -0.813177347 0.098903775 0.011891414 0.995025933 75.832397461
0.995390296 0.012675718 -0.095065743 -5.433379173 -0.013490814 0.999877453 -0.007936192 -0.829590440 0.094953500 0.009182122 0.995439351 76.402168274
0.995833635 0.011096123 -0.090511963 -5.483062267 -0.011575949 0.999921620 -0.004778009 -0.840796232 0.090451844 0.005805864 0.995883942 76.960060120
0.996385932 0.007760392 -0.084586397 -5.519458771 -0.007849475 0.999968946 -0.000720639 -0.850167930 0.084578171 0.001381993 0.996415854 77.499839783
0.997064829 0.003003642 -0.076502994 -5.548213005 -0.002800120 0.999992251 0.002767444 -0.864665687 0.076510713 -0.002545103 0.997065485 78.029548645
0.997799397 0.006773868 -0.065957293 -5.581357956 -0.006600478 0.999974251 0.002846385 -0.875714064 0.065974869 -0.002404772 0.997818351 78.547157288
0.998642504 0.011755439 -0.050743949 -5.607949257 -0.011658424 0.999929607 0.002207457 -0.882899940 0.050766315 -0.001612866 0.998709261 79.044990540
0.999337971 0.016709967 -0.032317508 -5.630281448 -0.016629634 0.999857962 0.002752990 -0.889947057 0.032358922 -0.002213739 0.999473870 79.530685425
0.999825835 0.015380998 -0.010567971 -5.612460136 -0.015350252 0.999877691 0.002984704 -0.889570653 0.010612586 -0.002821963 0.999939680 80.016784668
0.999804854 0.011828454 0.015823411 -5.585118771 -0.011890955 0.999921799 0.003861647 -0.896829009 -0.015776498 -0.004049048 0.999867320 80.480903625
0.998926401 0.010773620 0.045055404 -5.538597584 -0.011032455 0.999924064 0.005500052 -0.906786442 -0.044992719 -0.005991219 0.998969316 80.937156677
0.996845305 0.010253262 0.078703254 -5.491760254 -0.010856031 0.999914885 0.007234704 -0.917134821 -0.078622386 -0.008066285 0.996871829 81.386413574
0.993209004 0.010188060 0.115896881 -5.413158417 -0.011158082 0.999907911 0.007723987 -0.923618674 -0.115807511 -0.008964719 0.993231177 81.808639526
0.987454772 0.010360693 0.157562122 -5.319448471 -0.011728769 0.999901116 0.007755420 -0.928101301 -0.157466188 -0.009506136 0.987478614 82.236213684
0.979199648 0.009659362 0.202668935 -5.204446316 -0.011401490 0.999907374 0.007430198 -0.933299482 -0.202578396 -0.009586376 0.979219139 82.654953003
0.967818439 0.012077667 0.251359701 -5.070482254 -0.013867068 0.999889493 0.005348795 -0.941675842 -0.251267374 -0.008662283 0.967878997 83.050933838
0.952356339 0.013603568 0.304683894 -4.920749664 -0.015025178 0.999884367 0.002321516 -0.948838592 -0.304617077 -0.006788840 0.952450752 83.430839539
0.932565808 0.013170072 0.360759437 -4.760249615 -0.014323120 0.999897242 0.000522592 -0.959195077 -0.360715508 -0.005654552 0.932658672 83.771827698
0.908408761 0.013576722 0.417862654 -4.555904865 -0.014271014 0.999897122 -0.001463190 -0.963829696 -0.417839527 -0.004634149 0.908509016 84.121337891
0.879535198 0.013748416 0.475635111 -4.336325169 -0.013671929 0.999900043 -0.003620629 -0.969755828 -0.475637376 -0.003318378 0.879635155 84.444114685
0.845794380 0.012398815 0.533364892 -4.098328590 -0.011268589 0.999922097 -0.005375197 -0.980862439 -0.533389986 -0.001463959 0.845868111 84.757835388
0.808948219 0.012704130 0.587742627 -3.835154772 -0.010196518 0.999919295 -0.007579254 -0.982507229 -0.587791502 0.000138296 0.809012413 85.046241760
0.768934071 0.010878391 0.639235437 -3.561711073 -0.009180942 0.999940038 -0.005973070 -0.998750210 -0.639262021 -0.001275886 0.768987834 85.317283630
0.726890385 0.010931878 0.686666429 -3.278004646 -0.011381897 0.999927759 -0.003870434 -1.007713914 -0.686659157 -0.005002187 0.726962328 85.542739868
0.681373715 0.009941171 0.731868148 -2.974655628 -0.010625778 0.999936640 -0.003689759 -1.013653398 -0.731858552 -0.005262564 0.681436300 85.774246216
0.634871244 0.008664171 0.772569299 -2.653982162 -0.007531706 0.999958992 -0.005024989 -1.022375226 -0.772581220 -0.002628545 0.634910583 85.978134155
0.587632239 0.005812835 0.809107184 -2.320918083 -0.002107614 0.999981821 -0.005653424 -1.033563614 -0.809125364 0.001616849 0.587633848 86.166076660
0.541514993 0.008056552 0.840652466 -1.978762031 -0.004002015 0.999967456 -0.007005437 -1.041790128 -0.840681493 0.000429246 0.541529655 86.334190369
0.494028687 0.010999931 0.869375944 -1.645377040 -0.007283547 0.999937236 -0.008512955 -1.048405528 -0.869415045 -0.002126496 0.494077891 86.490852356
0.448997557 0.013202419 0.893435419 -1.300995708 -0.008346500 0.999909163 -0.010581248 -1.059537053 -0.893493950 -0.002706104 0.449066997 86.621093750
0.404941469 0.011006198 0.914276481 -0.967788041 -0.001822722 0.999935210 -0.011230075 -1.065875888 -0.914340794 0.002881051 0.404935390 86.744010925
0.365753114 0.002906916 0.930707395 -0.600097179 0.013654085 0.999870658 -0.008488773 -1.073580742 -0.930611789 0.015812753 0.365666151 86.827575684
0.330301642 -0.000422437 0.943875372 -0.233477026 0.017518170 0.999830484 -0.005682861 -1.075374603 -0.943712831 0.018412026 0.330252975 86.915931702
0.297178715 0.003866343 0.954814076 0.138274670 0.015115420 0.999847412 -0.008753259 -1.081042171 -0.954702199 0.017033696 0.297074944 87.016288757
0.266029298 0.010974012 0.963902473 0.499302119 0.004314208 0.999911666 -0.012574663 -1.100003481 -0.963955283 0.007503706 0.265958488 87.112876892
0.236576647 0.016265877 0.971476614 0.892044544 -0.000871552 0.999863029 -0.016528919 -1.109686613 -0.971612394 0.003063664 0.236558408 87.214614868
0.210963309 0.017748412 0.977332830 1.282480121 0.000727937 0.999831975 -0.018314123 -1.124528170 -0.977493703 0.004575044 0.210914925 87.275947571
0.187215552 0.019168755 0.982131839 1.691096187 0.007793013 0.999749184 -0.020998113 -1.136336803 -0.982287943 0.011584939 0.187019169 87.331138611
0.167579323 0.025219413 0.985535979 2.104925394 0.014541268 0.999500751 -0.028049342 -1.140414000 -0.985751390 0.019031432 0.167128906 87.368789673
0.147823408 0.032304436 0.988486052 2.527934551 0.017001433 0.999235749 -0.035198234 -1.135915756 -0.988867640 0.022008801 0.147161245 87.423126221
0.130237997 0.032908976 0.990936518 2.966819286 0.014955490 0.999270141 -0.035151325 -1.149085164 -0.991370022 0.019397976 0.129650787 87.476806641
0.114833355 0.028627856 0.992972195 3.426932096 0.012921593 0.999457121 -0.030309144 -1.173330069 -0.993300736 0.016311280 0.114401102 87.524429321
0.100192092 0.025212495 0.994648635 3.891540051 0.012682736 0.999565303 -0.026614670 -1.197037697 -0.994887292 0.015281440 0.099828787 87.567848206
0.086969264 0.022975083 0.995946050 4.379971504 0.014969064 0.999590933 -0.024366319 -1.211093187 -0.996098518 0.017027501 0.086589783 87.598068237
0.075378686 0.022267029 0.996906340 4.876175404 0.018907866 0.999538898 -0.023755511 -1.225185037 -0.996975780 0.020640027 0.074922912 87.623733521
0.065122873 0.022733247 0.997618318 5.390196323 0.022520337 0.999452293 -0.024245135 -1.241471767 -0.997623026 0.024045616 0.064575262 87.650856018
0.057092819 0.023550762 0.998091042 5.925076962 0.024117095 0.999397337 -0.024961138 -1.254583359 -0.998077512 0.025496157 0.056490447 87.679039001
0.051721841 0.023686863 0.998380661 6.476647854 0.025497057 0.999361455 -0.025031030 -1.273754954 -0.998335898 0.026750423 0.051084880 87.699363708
0.046250332 0.024725189 0.998623848 7.036951542 0.026802726 0.999303043 -0.025983347 -1.289873242 -0.998570204 0.027967578 0.045555394 87.719169617
0.040105507 0.025474982 0.998870671 7.626032829 0.027196677 0.999276757 -0.026577309 -1.306344390 -0.998825252 0.028231859 0.039383665 87.742591858
0.035862643 0.025387753 0.999034226 8.230410576 0.029594637 0.999211848 -0.026454635 -1.325210094 -0.998918474 0.030514786 0.035083044 87.758407593
0.032951061 0.025616793 0.999128640 8.848993301 0.030937467 0.999166310 -0.026638070 -1.341567516 -0.998978019 0.031788271 0.032131068 87.775268555
0.029928485 0.025061546 0.999237835 9.488132477 0.031892210 0.999152660 -0.026014624 -1.361160398 -0.999043167 0.032646485 0.029103853 87.794029236
0.027619934 0.024234274 0.999324679 10.141338348 0.034143891 0.999099791 -0.025172511 -1.383896351 -0.999035120 0.034816094 0.026767623 87.804901123
0.026992705 0.023880946 0.999350369 10.817046165 0.038645919 0.998942316 -0.024915034 -1.404293418 -0.998888314 0.039293334 0.026041254 87.817054749
0.028058210 0.023504272 0.999329925 11.502761841 0.042131864 0.998807371 -0.024674917 -1.424951077 -0.998717964 0.042795960 0.027034469 87.832237244
0.030427210 0.023639489 0.999257386 12.217421532 0.043550849 0.998739541 -0.024953352 -1.443153620 -0.998587787 0.044277769 0.029359341 87.852813721
0.034207050 0.023854109 0.999130070 12.940060616 0.046121519 0.998612344 -0.025420800 -1.461943507 -0.998350084 0.046950966 0.033059392 87.878341675
0.038705241 0.023207212 0.998981059 13.680549622 0.046600487 0.998600721 -0.025003891 -1.484946370 -0.998163521 0.047520787 0.037569609 87.908432007
0.042500369 0.021274623 0.998869836 14.439465523 0.047939274 0.998578310 -0.023308150 -1.509684443 -0.997945666 0.048875701 0.041420057 87.946220398
0.046297200 0.019623511 0.998734951 15.206739426 0.047764372 0.998620033 -0.021835411 -1.534914374 -0.997785091 0.048714872 0.045296002 87.984054565
0.050589237 0.017468169 0.998566806 15.988389969 0.044754926 0.998802900 -0.019739671 -1.557509184 -0.997716188 0.045689400 0.049746897 88.030487061
0.054440159 0.016626028 0.998378634 16.787342072 0.043948438 0.998852491 -0.019030368 -1.574274421 -0.997549355 0.044913195 0.053647000 88.084526062
0.058364090 0.017567255 0.998140752 17.585710526 0.041184753 0.998951674 -0.019989710 -1.599562645 -0.997445464 0.042274866 0.057579394 88.140892029
0.061115198 0.021631649 0.997896254 18.384466171 0.039143175 0.998944163 -0.024051648 -1.627367139 -0.997362912 0.040530752 0.060203936 88.204795837
0.062243063 0.027001306 0.997695684 19.185750961 0.033277631 0.999022067 -0.029113289 -1.652463078 -0.997506022 0.035013054 0.061283655 88.272209167
0.062237464 0.029919375 0.997612834 19.997097015 0.029903095 0.999045908 -0.031827897 -1.686325431 -0.997613251 0.031812597 0.061283410 88.320968628
0.062460534 0.029741459 0.997604191 20.803915024 0.027714754 0.999118686 -0.031521838 -1.712931395 -0.997662544 0.029617228 0.061581213 88.374603271
0.062489048 0.028118905 0.997649491 21.619009018 0.024978781 0.999245882 -0.029728476 -1.744793177 -0.997732997 0.026777776 0.061739553 88.432746887
0.062369999 0.026445329 0.997702658 22.446725845 0.025605751 0.999277472 -0.028087774 -1.785004854 -0.997724533 0.027298762 0.061647784 88.488441467
0.062304556 0.025905190 0.997720957 23.256320953 0.023307722 0.999352694 -0.027403053 -1.816566706 -0.997784972 0.024961939 0.061660435 88.552200317
0.062374275 0.026066599 0.997712374 24.077114105 0.021900417 0.999382436 -0.027479388 -1.848728418 -0.997812569 0.023564326 0.061764888 88.613319397
0.062998779 0.026301118 0.997666955 24.896389008 0.018461838 0.999450922 -0.027513944 -1.891535997 -0.997842729 0.020152111 0.062478613 88.661605835
0.061761864 0.027678166 0.997707009 25.705804825 0.015785797 0.999463320 -0.028704088 -1.923487067 -0.997965932 0.017522419 0.061291788 88.717842102
0.058411520 0.027519664 0.997913122 26.521875381 0.012319434 0.999523938 -0.028285185 -1.955612063 -0.998216569 0.013945905 0.058044694 88.782638550
0.054888412 0.026247242 0.998147488 27.337530136 0.010106178 0.999588609 -0.026840877 -1.987297535 -0.998441339 0.011560711 0.054600574 88.829521179
0.049758956 0.023728009 0.998479426 28.149721146 0.008381615 0.999672592 -0.024174061 -2.018618345 -0.998726070 0.009571747 0.049543794 88.878196716
0.043649346 0.021649614 0.998812258 28.963531494 0.005973750 0.999741554 -0.021930819 -2.049625874 -0.999029040 0.006923921 0.043508735 88.917892456
0.036422778 0.021693777 0.999100983 29.777471542 0.005984466 0.999741614 -0.021925859 -2.082633495 -0.999318540 0.006777686 0.036283541 88.947364807
0.028097846 0.022779642 0.999345601 30.581743240 0.005657547 0.999720573 -0.022947263 -2.109798908 -0.999589205 0.006298612 0.027961116 88.967620850
0.017633116 0.023262653 0.999573827 31.383411407 0.006357528 0.999706507 -0.023377890 -2.136854410 -0.999824286 0.006767044 0.017480042 88.986289978
0.007548452 0.022216132 0.999724686 32.181076050 0.007757147 0.999721766 -0.022274634 -2.165017128 -0.999941409 0.007923150 0.007374018 88.991561890
-0.003162116 0.021088673 0.999772608 32.978294373 0.006749955 0.999755204 -0.021066956 -2.194849491 -0.999972224 0.006681804 -0.003303690 88.990570068
-0.014294066 0.020077050 0.999696255 33.767200470 0.008283972 0.999766409 -0.019960010 -2.224852800 -0.999863565 0.007996147 -0.014457046 88.977668762
-0.025379393 0.020989448 0.999457479 34.550113678 0.008627226 0.999746859 -0.020776456 -2.247304201 -0.999640644 0.008095252 -0.025554052 88.958137512
-0.036607590 0.021598579 0.999096215 35.325050354 0.008782693 0.999734700 -0.021290582 -2.274241209 -0.999291182 0.007995360 -0.036787573 88.931274414
-0.046757508 0.022562923 0.998651445 36.097938538 0.008473452 0.999717832 -0.022190286 -2.303353071 -0.998870313 0.007424463 -0.046935506 88.884284973
-0.057087626 0.023710230 0.998087645 36.864151001 0.009012260 0.999689400 -0.023232812 -2.327293873 -0.998328447 0.007668719 -0.057283580 88.840171814
-0.066539466 0.024349289 0.997486651 37.621372223 0.010536132 0.999663591 -0.023699598 -2.359300137 -0.997728229 0.008932692 -0.066773638 88.783706665
-0.076527759 0.024913281 0.996756136 38.399364471 0.010821595 0.999649644 -0.024154756 -2.387041569 -0.997008741 0.008937982 -0.076770529 88.732360840
-0.085838266 0.025223594 0.995989740 39.141510010 0.011615263 0.999636829 -0.024314906 -2.416084051 -0.996241391 0.009481533 -0.086100072 88.668777466
-0.094516002 0.024658240 0.995217860 39.870056152 0.012775409 0.999640882 -0.023554549 -2.443679094 -0.995441437 0.010488034 -0.094797075 88.593711853
-0.102173649 0.023533711 0.994488120 40.608116150 0.014225421 0.999652445 -0.022194399 -2.473873615 -0.994664907 0.011879331 -0.102472916 88.523399353
-0.106760986 0.021997549 0.994041324 41.337551117 0.017289352 0.999645114 -0.020264667 -2.501846313 -0.994134367 0.015022855 -0.107103430 88.429473877
-0.110228166 0.020616684 0.993692458 42.044235229 0.020718610 0.999615252 -0.018441295 -2.524907112 -0.993690372 0.018555177 -0.110612899 88.339477539
-0.113113984 0.019285360 0.993394792 42.744995117 0.022084622 0.999613404 -0.016891396 -2.550040960 -0.993336499 0.020028094 -0.113496169 88.261009216
-0.115153104 0.018560685 0.993174374 43.430721283 0.022186169 0.999624074 -0.016108857 -2.571400404 -0.993099928 0.020179747 -0.115521617 88.188903809
-0.115771204 0.018741755 0.993099093 44.091575623 0.022845464 0.999607742 -0.016201356 -2.599423409 -0.993013144 0.020812156 -0.116153963 88.110206604
-0.114594981 0.019766876 0.993215680 44.742881775 0.023590067 0.999574304 -0.017171657 -2.620847940 -0.993132174 0.021462237 -0.115012489 88.031822205
-0.111524254 0.021838302 0.993521750 45.364257812 0.025545575 0.999491155 -0.019101985 -2.633678675 -0.993433297 0.023249751 -0.112025365 87.960365295
-0.106716730 0.021959228 0.994046926 45.981693268 0.024648437 0.999507248 -0.019433698 -2.665250301 -0.993983865 0.022427799 -0.107205413 87.902656555
-0.098490722 0.022441158 0.994884849 46.574314117 0.024084492 0.999506593 -0.020161113 -2.690829992 -0.994846463 0.021975609 -0.098982617 87.847702026
-0.087582231 0.022546032 0.995902121 47.155509949 0.022536922 0.999532819 -0.020646270 -2.713067770 -0.995902240 0.020636324 -0.088049427 87.808128357
-0.074077614 0.022632157 0.996995687 47.714618683 0.021658560 0.999543071 -0.021080740 -2.738618135 -0.997017205 0.020031879 -0.074533969 87.780769348
-0.057469897 0.023649588 0.998067021 48.259265900 0.021056281 0.999525726 -0.022471705 -2.769104719 -0.998125196 0.019724136 -0.057940610 87.774322510
-0.035639625 0.026552903 0.999011815 48.795097351 0.019051533 0.999483287 -0.025885778 -2.785347700 -0.999183118 0.018110147 -0.036127087 87.755386353
-0.011232459 0.029410891 0.999504268 49.315063477 0.017100422 0.999426723 -0.029216437 -2.811434507 -0.999790728 0.016763773 -0.011728957 87.773704529
0.016872456 0.031078003 0.999374568 49.837856293 0.015345370 0.999391019 -0.031337593 -2.832663774 -0.999739885 0.015864514 0.016385281 87.808525085
0.049720470 0.030456718 0.998298764 50.344135284 0.012432327 0.999438703 -0.031110691 -2.857648373 -0.998685837 0.013958015 0.049313914 87.858917236
0.088863373 0.028281674 0.995642245 50.808139801 0.011700799 0.999498188 -0.029435534 -2.874375820 -0.995975077 0.014265549 0.088487864 87.896957397
0.130542174 0.024485838 0.991140366 51.342826843 0.009625383 0.999616563 -0.025962990 -2.898263454 -0.991396010 0.012929370 0.130256444 88.002532959
0.176229104 0.019928453 0.984147429 51.829441071 0.006762862 0.999746859 -0.021455346 -2.922662497 -0.984325886 0.010436709 0.176049739 88.113548279
0.223800912 0.017143438 0.974484086 52.310020447 0.002308265 0.999833167 -0.018119507 -2.934371233 -0.974632144 0.006304528 0.223723993 88.266464233
0.275642604 0.015312131 0.961138248 52.780929565 -0.001961592 0.999880075 -0.015366776 -2.957751036 -0.961258173 0.002350375 0.275639564 88.429389954
0.329736471 0.015603793 0.943944156 53.226230621 -0.003349106 0.999876499 -0.015358476 -2.966860771 -0.944067061 0.001902882 0.329748034 88.627784729
0.386625797 0.016758818 0.922084391 53.651535034 -0.001072664 0.999842346 -0.017722305 -2.975232124 -0.922236025 0.005862814 0.386582881 88.844276428
0.447364777 0.020413613 0.894118607 54.067043304 -0.000386136 0.999743819 -0.022631943 -2.986950874 -0.894351482 0.009779483 0.447258055 89.080535889
0.507722914 0.023054102 0.861211896 54.466934204 0.000827188 0.999628305 -0.027247090 -3.010995388 -0.861519992 0.014546357 0.507515192 89.343589783
0.566169143 0.027818950 0.823819518 54.833400726 -0.003004429 0.999493301 -0.031686354 -3.016215563 -0.824283540 0.015464731 0.565965891 89.637908936
0.620980680 0.030345554 0.783238173 55.156215668 -0.006313468 0.999411523 -0.033715352 -3.030818462 -0.783800423 0.015991632 0.620806813 89.970321655
0.674779356 0.031544659 0.737344980 55.482624054 -0.008311586 0.999347568 -0.035147168 -3.045750141 -0.737972677 0.017588083 0.674601376 90.306564331
0.723362505 0.029016374 0.689858496 55.771461487 -0.008258235 0.999408662 -0.033377167 -3.067929745 -0.690419018 0.018446779 0.723174453 90.669960022
0.767716110 0.027846012 0.640184641 56.022525787 -0.012007735 0.999505043 -0.029075518 -3.068351030 -0.640677392 0.014634583 0.767670631 91.061973572
0.809783578 0.022346668 0.586302996 56.265110016 -0.011756991 0.999691784 -0.021864394 -3.082805872 -0.586610854 0.010812268 0.809796691 91.451057434
0.846848845 0.020311415 0.531445682 56.488632202 -0.014319541 0.999779046 -0.015392802 -3.091540098 -0.531640947 0.005425318 0.846952558 91.872520447
0.878101051 0.016683511 0.478184432 56.676231384 -0.014978222 0.999860525 -0.007379573 -3.104315996 -0.478240877 -0.000682343 0.878228486 92.302795410
0.903730333 0.018611303 0.427697361 56.841293335 -0.019616703 0.999805391 -0.002056298 -3.108627081 -0.427652448 -0.006531676 0.903919637 92.750534058
0.923658252 0.019670593 0.382711977 56.939460754 -0.022342194 0.999747097 0.002536977 -3.134459496 -0.382565349 -0.010893928 0.923864245 93.121520996
0.939069629 0.025111992 0.342808396 57.065563202 -0.028506357 0.999581695 0.004865586 -3.136309862 -0.342542827 -0.014341342 0.939392745 93.580833435
0.951023340 0.029565742 0.307701796 57.176383972 -0.032371242 0.999467850 0.004016218 -3.136040926 -0.307419270 -0.013780208 0.951474369 94.039573669
0.960292935 0.031993035 0.277153224 57.283138275 -0.034552615 0.999393284 0.004355012 -3.136520147 -0.276845723 -0.013758455 0.960815847 94.502738953
0.966446042 0.026638316 0.255484611 57.396514893 -0.028789019 0.999574542 0.004681512 -3.141210556 -0.255251199 -0.011879580 0.966801763 94.971748352
0.970592558 0.023027942 0.239624321 57.507385254 -0.025100436 0.999669194 0.005600331 -3.150030613 -0.239416093 -0.011450315 0.970849514 95.459571838
0.973409832 0.028261537 0.227320701 57.601791382 -0.030338880 0.999523640 0.005648798 -3.156005621 -0.227052763 -0.012395252 0.973803580 95.958244324
0.975509882 0.032682132 0.217514053 57.697830200 -0.034812104 0.999376059 0.005966562 -3.147086382 -0.217183307 -0.013392561 0.976038992 96.483032227
0.976454318 0.040739451 0.211842224 57.785488129 -0.042597547 0.999083400 0.004212830 -3.139486313 -0.211476415 -0.013137597 0.977294803 97.000091553
0.977048993 0.045461573 0.208107024 57.890895844 -0.046588987 0.998913944 0.000516649 -3.141403675 -0.207857579 -0.010200286 0.978105843 97.446014404
0.977112651 0.047484301 0.207354933 57.997501373 -0.048206795 0.998836100 -0.001570081 -3.157927275 -0.207188159 -0.008461772 0.978264451 97.975578308
0.976618052 0.045447826 0.210122973 58.110679626 -0.045289375 0.998958409 -0.005568473 -3.157314301 -0.210157201 -0.004078067 0.977659047 98.512985229
0.975751579 0.044450659 0.214319825 58.228164673 -0.042859584 0.999008179 -0.012067325 -3.164259672 -0.214643657 0.002589054 0.976688981 99.071197510
0.974985480 0.043741133 0.217922121 58.367176056 -0.041048329 0.999014735 -0.016870735 -3.163471937 -0.218445331 0.007503384 0.975820303 99.590003967
0.973859787 0.049284812 0.221738964 58.500408173 -0.046800945 0.998768866 -0.016445395 -3.178632021 -0.222276479 0.005637913 0.974967360 100.189437866
0.972272336 0.052403804 0.227904439 58.622585297 -0.050890237 0.998625815 -0.012516765 -3.188935518 -0.228247195 0.000571593 0.973603010 100.789054871
0.971336782 0.049359392 0.232526630 58.771648407 -0.048852153 0.998774350 -0.007943205 -3.200453997 -0.232633725 -0.003643900 0.972557604 101.385513306
0.970652699 0.044848625 0.236266717 58.922843933 -0.045542717 0.998959124 -0.002521656 -3.206092119 -0.236133888 -0.008312576 0.971684992 102.001075745
0.969788134 0.042765744 0.240171283 59.078517914 -0.044532709 0.999006093 0.001932182 -3.212277889 -0.239849940 -0.012569287 0.970728576 102.623908997
0.969319940 0.037922446 0.242859364 59.245426178 -0.039853562 0.999200821 0.003041681 -3.224294662 -0.242549956 -0.012627170 0.970056713 103.255783081
0.969317436 0.034553178 0.243371844 59.405426025 -0.035562374 0.999367356 -0.000246935 -3.228913069 -0.243226409 -0.008415520 0.969933033 103.897735596
0.969518363 0.033900857 0.242662445 59.573265076 -0.033201773 0.999424398 -0.006971047 -3.239008665 -0.242759064 -0.001298265 0.970085740 104.545242310
0.969558656 0.036308993 0.242152482 59.727905273 -0.033990376 0.999327540 -0.013747172 -3.245396852 -0.242488801 0.005097835 0.970140755 105.198921204
0.970181763 0.039160188 0.239194259 59.886718750 -0.035960793 0.999195993 -0.017726993 -3.252402067 -0.239696100 0.008596790 0.970809877 105.876182556
0.970800996 0.037854202 0.236880481 60.051094055 -0.035758808 0.999274075 -0.013137562 -3.261318922 -0.237205863 0.004283395 0.971449971 106.550216675
0.971260667 0.033850174 0.235598966 60.221878052 -0.033471182 0.999423921 -0.005608829 -3.273329496 -0.235653102 -0.002438142 0.971834242 107.259140015
0.971892536 0.033921964 0.232968390 60.391674042 -0.034963947 0.999388516 0.000343326 -3.287884235 -0.232814297 -0.008479171 0.972484231 107.983383179
0.972154617 0.037492342 0.231321603 60.554538727 -0.038481995 0.999259174 -0.000233930 -3.299463987 -0.231159046 -0.008674303 0.972877324 108.698799133
0.972394824 0.043567196 0.229238421 60.715614319 -0.043621883 0.999036431 -0.004831284 -3.304409504 -0.229228020 -0.005301900 0.973358333 109.432548523
0.973292768 0.044407204 0.225231439 60.883010864 -0.043198965 0.999013424 -0.010292333 -3.309812546 -0.225466281 0.000287687 0.974250972 110.174186707
0.974230468 0.043110527 0.221396491 61.050506592 -0.041251201 0.999064028 -0.013017333 -3.323319674 -0.221750423 0.003549013 0.975097001 110.930580139
0.975201190 0.041012861 0.217487261 61.219982147 -0.039459985 0.999155223 -0.011480168 -3.336341619 -0.217774376 0.002613428 0.975995660 111.702545166
0.976085007 0.037357248 0.214155301 61.389797211 -0.036170248 0.999300957 -0.009459939 -3.347214222 -0.214358971 0.001487654 0.976753831 112.481163025
0.976485550 0.036148012 0.212530673 61.557590485 -0.035572685 0.999345720 -0.006531494 -3.363762379 -0.212627724 -0.001182379 0.977132559 113.265800476
0.976863682 0.032917678 0.211314768 61.729305267 -0.032757331 0.999454200 -0.004260324 -3.371234655 -0.211339682 -0.002760352 0.977408767 114.063758850
0.977055490 0.028114488 0.211121246 61.900394440 -0.028120399 0.999600112 -0.002974880 -3.383941889 -0.211120442 -0.003030189 0.977455378 114.858535767
0.977228045 0.028498564 0.210269183 62.076736450 -0.028810576 0.999583662 -0.001579837 -3.389946699 -0.210226685 -0.004514117 0.977642238 115.661018372
0.977014422 0.033627734 0.210503817 62.243083954 -0.033623222 0.999428153 -0.003601489 -3.396872044 -0.210504532 -0.003559110 0.977586448 116.468124390
0.976661086 0.039665695 0.211091831 62.405670166 -0.039060783 0.999212027 -0.007036257 -3.405473709 -0.211204574 -0.001373374 0.977440894 117.281379700
0.976095557 0.048054673 0.211963058 62.570686340 -0.047345459 0.998843074 -0.008423146 -3.417273283 -0.212122560 -0.001813693 0.977241397 118.120544434
0.975117803 0.053953253 0.215021670 62.739780426 -0.053516511 0.998535991 -0.007856749 -3.433919668 -0.215130791 -0.003845953 0.976577699 118.951301575
0.974261642 0.056572910 0.218205839 62.909828186 -0.056603570 0.998377979 -0.006115628 -3.445753336 -0.218197897 -0.006393007 0.975883603 119.791854858
0.973707974 0.057271212 0.220483184 63.096138000 -0.057177041 0.998340726 -0.006814330 -3.463857651 -0.220507637 -0.005971409 0.975366950 120.620788574
0.973371744 0.055636663 0.222378269 63.279403687 -0.054893758 0.998446763 -0.009525298 -3.476058722 -0.222562820 -0.002935521 0.974914014 121.444664001
0.973425686 0.049471330 0.223595619 63.485618591 -0.048852403 0.998771429 -0.008302349 -3.494116545 -0.223731652 -0.002841463 0.974646568 122.288810730
0.973646224 0.043200240 0.223935261 63.681629181 -0.042108517 0.999066353 -0.009650612 -3.514698505 -0.224143103 -0.000033301 0.974556267 123.122726440
0.973401606 0.042570557 0.225115895 63.869773865 -0.041467153 0.999093473 -0.009629624 -3.536315680 -0.225321770 0.000038577 0.974284351 123.942764282
0.972857893 0.044590969 0.227066129 64.061927795 -0.044134472 0.999000490 -0.007089655 -3.545729160 -0.227155298 -0.003124217 0.973853528 124.784172058
0.972490191 0.046521079 0.228251308 64.249870300 -0.047482301 0.998871207 -0.001281459 -3.560099840 -0.228053316 -0.009591692 0.973601401 125.617904663
0.972086549 0.050075069 0.229216769 64.431419373 -0.052179269 0.998632908 0.003124363 -3.578057289 -0.228746936 -0.014997514 0.973370433 126.444023132
0.971833885 0.049553070 0.230398506 64.617393494 -0.050094180 0.998738348 -0.003504078 -3.592622042 -0.230281457 -0.008136243 0.973090053 127.269989014
0.972143948 0.045149945 0.229995176 64.812416077 -0.042143330 0.998949945 -0.017970618 -3.610486269 -0.230565026 0.007777265 0.973025799 128.070648193
